Breadth-first Search by Xuhao Chen
Reading (.mtx) input file /lfs1/usrscratch/mtech/cs22m036/mtx/as-Skitter.mtx
Removing redundent edges... 0 redundent edges are removed
|V| 1696415 |E| 11095298
max_degree: 3714 source: 149419
--------------BFS OPT results for source 149419 and magic val 700-----------------
380320 -> 0 1
490187 -> 1 1
276844 -> 2 1
929084 -> 3 1
929076 -> 4 1
276837 -> 5 1
276838 -> 6 1
439072 -> 7 1
439079 -> 8 1
439073 -> 9 1
439074 -> 10 1
439075 -> 11 1
439076 -> 12 1
519656 -> 13 1
519664 -> 14 1
519659 -> 15 1
439080 -> 16 1
439077 -> 17 1
439078 -> 18 1
929063 -> 19 2
276836 -> 20 2
929073 -> 21 2
270127 -> 22 2
490185 -> 23 2
167008 -> 24 2
270113 -> 25 2
270112 -> 26 2
380324 -> 27 2
167012 -> 28 2
167009 -> 29 2
167010 -> 30 2
167011 -> 31 2
519651 -> 32 2
519655 -> 33 2
519667 -> 34 2
519649 -> 35 2
619902 -> 36 2
541634 -> 37 2
441068 -> 38 2
519668 -> 39 2
519650 -> 40 2
619875 -> 41 2
619878 -> 42 2
619877 -> 43 2
619888 -> 44 2
619889 -> 45 2
439092 -> 46 2
619879 -> 47 2
929082 -> 48 2
929075 -> 49 2
929061 -> 50 3
929064 -> 51 3
276835 -> 52 3
929058 -> 53 3
276861 -> 54 3
276833 -> 55 3
276832 -> 56 3
490181 -> 57 3
928793 -> 58 3
490186 -> 59 3
380349 -> 60 3
380351 -> 61 3
380322 -> 62 3
380328 -> 63 3
678559 -> 64 3
678550 -> 65 3
678530 -> 66 3
678534 -> 67 3
929062 -> 68 3
678549 -> 69 3
441082 -> 70 3
441079 -> 71 3
541653 -> 72 3
678531 -> 73 3
519665 -> 74 3
519666 -> 75 3
441076 -> 76 3
541633 -> 77 3
541657 -> 78 3
441085 -> 79 3
678556 -> 80 3
619903 -> 81 3
439094 -> 82 3
619874 -> 83 3
439098 -> 84 3
439088 -> 85 3
439096 -> 86 3
439099 -> 87 3
439100 -> 88 3
439097 -> 89 3
439091 -> 90 3
619876 -> 91 3
678529 -> 92 3
519673 -> 93 3
678532 -> 94 3
678533 -> 95 3
929060 -> 96 3
929066 -> 97 3
929072 -> 98 3
270124 -> 99 3
929068 -> 100 3
276857 -> 101 3
276860 -> 102 3
276858 -> 103 3
929070 -> 104 3
519661 -> 105 4
441074 -> 106 4
441087 -> 107 4
541651 -> 108 4
441065 -> 109 4
276843 -> 110 4
276841 -> 111 4
928797 -> 112 4
928792 -> 113 4
380326 -> 114 4
928789 -> 115 4
928796 -> 116 4
167020 -> 117 4
928788 -> 118 4
928795 -> 119 4
490179 -> 120 4
929056 -> 121 4
276840 -> 122 4
929085 -> 123 4
270123 -> 124 4
929067 -> 125 4
929059 -> 126 4
619899 -> 127 4
519657 -> 128 4
541649 -> 129 4
541635 -> 130 4
541640 -> 131 4
619900 -> 132 4
519679 -> 133 4
519654 -> 134 4
519648 -> 135 4
72492 -> 136 4
439103 -> 137 4
619898 -> 138 4
928798 -> 139 5
928794 -> 140 5
928786 -> 141 5
928785 -> 142 5
380333 -> 143 5
928059 -> 144 5
928063 -> 145 5
928047 -> 146 5
928052 -> 147 5
928790 -> 148 5
928799 -> 149 5
167021 -> 150 5
167017 -> 151 5
928774 -> 152 5
928775 -> 153 5
928780 -> 154 5
928782 -> 155 5
928781 -> 156 5
380339 -> 157 5
380330 -> 158 5
490177 -> 159 5
541646 -> 160 5
441081 -> 161 5
441058 -> 162 5
441072 -> 163 5
928049 -> 164 5
441086 -> 165 5
439095 -> 166 5
619892 -> 167 5
441083 -> 168 5
678528 -> 169 5
519662 -> 170 5
519653 -> 171 5
678548 -> 172 5
541641 -> 173 5
541636 -> 174 5
541650 -> 175 5
929057 -> 176 5
929081 -> 177 5
380341 -> 178 5
490176 -> 179 5
380337 -> 180 5
928053 -> 181 5
276834 -> 182 5
276842 -> 183 5
619885 -> 184 6
619897 -> 185 6
619896 -> 186 6
619893 -> 187 6
678538 -> 188 6
678535 -> 189 6
541643 -> 190 6
541642 -> 191 6
490183 -> 192 6
167022 -> 193 6
167023 -> 194 6
380338 -> 195 6
380345 -> 196 6
380348 -> 197 6
490184 -> 198 6
490178 -> 199 6
380347 -> 200 6
928032 -> 201 6
928062 -> 202 6
929069 -> 203 6
929071 -> 204 6
928779 -> 205 6
928771 -> 206 6
928784 -> 207 6
380335 -> 208 6
929080 -> 209 6
929086 -> 210 6
276839 -> 211 6
541652 -> 212 7
678558 -> 213 7
678539 -> 214 7
519658 -> 215 7
439081 -> 216 7
678555 -> 217 7
678554 -> 218 7
541639 -> 219 7
541644 -> 220 7
441084 -> 221 7
541647 -> 222 7
439086 -> 223 7
928046 -> 224 7
929077 -> 225 7
929079 -> 226 7
928056 -> 227 7
928048 -> 228 7
928057 -> 229 7
928776 -> 230 7
270121 -> 231 7
929083 -> 232 7
490182 -> 233 7
380350 -> 234 7
380327 -> 235 7
380343 -> 236 7
380340 -> 237 7
619901 -> 238 7
439101 -> 239 7
519663 -> 240 7
928768 -> 241 7
928778 -> 242 7
928773 -> 243 7
928772 -> 244 7
928770 -> 245 7
380336 -> 246 7
380334 -> 247 7
928769 -> 248 8
928791 -> 249 8
167025 -> 250 8
380342 -> 251 8
490199 -> 252 8
380344 -> 253 8
928061 -> 254 8
380331 -> 255 8
928058 -> 256 8
928054 -> 257 8
928051 -> 258 8
928060 -> 259 8
928044 -> 260 8
928045 -> 261 8
928036 -> 262 8
928038 -> 263 8
678541 -> 264 8
441080 -> 265 8
441073 -> 266 8
72469 -> 267 8
619881 -> 268 8
441063 -> 269 8
380323 -> 270 8
441061 -> 271 9
678553 -> 272 9
519660 -> 273 9
678552 -> 274 9
678557 -> 275 9
678540 -> 276 9
72468 -> 277 9
441070 -> 278 9
928035 -> 279 9
380332 -> 280 9
380346 -> 281 9
167024 -> 282 9
490192 -> 283 9
928033 -> 284 9
928055 -> 285 9
929087 -> 286 9
72470 -> 287 9
72467 -> 288 9
72466 -> 289 9
928034 -> 290 10
276863 -> 291 10
490202 -> 292 10
928037 -> 293 10
928040 -> 294 10
490205 -> 295 10
276855 -> 296 10
270122 -> 297 10
72460 -> 298 10
72459 -> 299 10
441078 -> 300 10
380329 -> 301 10
928777 -> 302 10
490180 -> 303 10
441071 -> 304 10
72456 -> 305 10
72458 -> 306 10
72457 -> 307 10
619884 -> 308 10
72461 -> 309 10
72455 -> 310 10
490196 -> 311 11
490206 -> 312 11
490204 -> 313 11
928041 -> 314 11
276859 -> 315 11
270132 -> 316 11
928050 -> 317 11
928039 -> 318 11
928042 -> 319 11
678537 -> 320 11
72505 -> 321 11
441059 -> 322 11
270119 -> 323 11
490197 -> 324 12
270120 -> 325 12
270131 -> 326 12
490201 -> 327 12
490194 -> 328 12
928783 -> 329 12
490193 -> 330 12
678547 -> 331 12
678544 -> 332 12
541645 -> 333 13
441057 -> 334 13
72462 -> 335 13
929078 -> 336 13
490198 -> 337 13
167028 -> 338 13
619895 -> 339 14
167018 -> 340 14
72506 -> 341 14
72464 -> 342 14
441060 -> 343 14
72465 -> 344 14
270117 -> 345 14
490207 -> 346 14
490203 -> 347 15
167033 -> 348 15
72475 -> 349 15
270137 -> 350 15
490195 -> 351 15
72507 -> 352 15
72463 -> 353 15
72485 -> 354 15
441056 -> 355 15
678536 -> 356 15
72484 -> 357 15
619891 -> 358 16
72508 -> 359 16
72503 -> 360 17
270135 -> 361 17
619872 -> 362 17
441062 -> 363 18
72449 -> 364 18
441069 -> 365 18
490200 -> 366 18
490191 -> 367 18
541655 -> 368 18
270115 -> 369 19
441075 -> 370 19
678542 -> 371 19
519652 -> 372 19
72488 -> 373 19
619894 -> 374 20
929074 -> 375 20
270140 -> 376 20
541632 -> 377 21
441066 -> 378 22
270118 -> 379 22
72494 -> 380 22
270129 -> 381 23
72502 -> 382 23
439089 -> 383 23
276845 -> 384 24
270143 -> 385 24
519677 -> 386 24
72453 -> 387 24
72450 -> 388 24
167019 -> 389 24
167036 -> 390 24
490189 -> 391 24
441067 -> 392 25
519676 -> 393 25
72501 -> 394 25
167015 -> 395 26
619873 -> 396 26
72448 -> 397 26
519678 -> 398 26
72493 -> 399 27
619886 -> 400 27
619890 -> 401 28
72489 -> 402 28
276849 -> 403 28
541638 -> 404 28
72452 -> 405 29
541648 -> 406 29
541637 -> 407 30
72504 -> 408 30
276851 -> 409 31
72451 -> 410 31
72454 -> 411 32
276853 -> 412 33
72479 -> 413 34
276862 -> 414 34
276856 -> 415 36
167016 -> 416 36
270141 -> 417 37
678545 -> 418 37
72511 -> 419 38
72471 -> 420 39
619887 -> 421 40
270114 -> 422 42
541663 -> 423 43
276854 -> 424 43
678546 -> 425 46
167032 -> 426 47
72510 -> 427 49
380325 -> 428 49
270128 -> 429 50
270136 -> 430 51
270138 -> 431 52
72496 -> 432 52
270139 -> 433 53
72476 -> 434 54
270142 -> 435 55
167037 -> 436 56
167013 -> 437 56
541656 -> 438 57
270116 -> 439 57
441064 -> 440 57
72478 -> 441 60
678551 -> 442 61
276848 -> 443 64
72509 -> 444 66
72472 -> 445 67
439090 -> 446 67
619882 -> 447 69
439102 -> 448 70
541654 -> 449 70
619883 -> 450 70
72490 -> 451 73
270125 -> 452 75
270133 -> 453 76
72498 -> 454 77
167035 -> 455 77
519674 -> 456 85
72473 -> 457 87
72474 -> 458 89
519675 -> 459 89
72487 -> 460 89
270126 -> 461 93
72499 -> 462 99
519669 -> 463 99
439087 -> 464 101
439082 -> 465 103
167014 -> 466 104
72500 -> 467 105
439093 -> 468 106
72480 -> 469 108
276852 -> 470 110
72497 -> 471 122
167027 -> 472 140
72495 -> 473 144
541660 -> 474 151
490190 -> 475 152
541661 -> 476 169
167034 -> 477 170
167026 -> 478 174
72491 -> 479 175
541662 -> 480 180
72483 -> 481 190
439084 -> 482 201
167029 -> 483 220
167039 -> 484 221
167030 -> 485 224
72481 -> 486 263
72486 -> 487 276
270134 -> 488 278
439085 -> 489 341
541658 -> 490 374
167038 -> 491 383
519672 -> 492 412
519671 -> 493 441
276850 -> 494 530
72477 -> 495 722
380321 -> 496 723
541659 -> 497 731
276846 -> 498 803
276847 -> 499 812
619880 -> 500 861
72482 -> 501 894
519670 -> 502 961
490188 -> 503 1090
439083 -> 504 1415
928787 -> 505 1526
928043 -> 506 1648
270130 -> 507 1720
167031 -> 508 1821
441077 -> 509 1831
678543 -> 510 1861
929065 -> 511 2131
560899 -> 512 1
560921 -> 513 1
565544 -> 514 1
500545 -> 515 1
500565 -> 516 1
500570 -> 517 1
500569 -> 518 1
500574 -> 519 1
406728 -> 520 1
406730 -> 521 1
406736 -> 522 1
406727 -> 523 1
406725 -> 524 1
406729 -> 525 1
501250 -> 526 1
501260 -> 527 1
561375 -> 528 1
561852 -> 529 1
561844 -> 530 1
406723 -> 531 1
406720 -> 532 1
406721 -> 533 1
406732 -> 534 1
406735 -> 535 1
328576 -> 536 1
328578 -> 537 1
328581 -> 538 1
328583 -> 539 1
328587 -> 540 1
328590 -> 541 1
328592 -> 542 1
328594 -> 543 1
87702 -> 544 1
87703 -> 545 1
24014 -> 546 1
24010 -> 547 1
24000 -> 548 1
24001 -> 549 1
24002 -> 550 1
24003 -> 551 1
24006 -> 552 1
24004 -> 553 1
24009 -> 554 1
24013 -> 555 1
24007 -> 556 1
24015 -> 557 1
561830 -> 558 2
561831 -> 559 2
500571 -> 560 2
501258 -> 561 2
406731 -> 562 2
501259 -> 563 2
561851 -> 564 2
561843 -> 565 2
561372 -> 566 2
561373 -> 567 2
509587 -> 568 2
509599 -> 569 2
509579 -> 570 2
509593 -> 571 2
509596 -> 572 2
509597 -> 573 2
509594 -> 574 2
509595 -> 575 2
231085 -> 576 2
324531 -> 577 2
328582 -> 578 2
328580 -> 579 2
328591 -> 580 2
328584 -> 581 2
48736 -> 582 2
48741 -> 583 2
493155 -> 584 2
324528 -> 585 2
561845 -> 586 2
561345 -> 587 2
406734 -> 588 2
406724 -> 589 2
406726 -> 590 2
406733 -> 591 2
560920 -> 592 2
500546 -> 593 2
509598 -> 594 2
509588 -> 595 2
500553 -> 596 2
565536 -> 597 2
565549 -> 598 2
500554 -> 599 2
20936 -> 600 2
20939 -> 601 2
20946 -> 602 2
20959 -> 603 2
87700 -> 604 2
87687 -> 605 2
24012 -> 606 2
87707 -> 607 2
501255 -> 608 3
500560 -> 609 3
500568 -> 610 3
500567 -> 611 3
560925 -> 612 3
509586 -> 613 3
509592 -> 614 3
560904 -> 615 3
565555 -> 616 3
565547 -> 617 3
501252 -> 618 3
561846 -> 619 3
561357 -> 620 3
561834 -> 621 3
406722 -> 622 3
501257 -> 623 3
501256 -> 624 3
501248 -> 625 3
87696 -> 626 3
87689 -> 627 3
87688 -> 628 3
87693 -> 629 3
87692 -> 630 3
493157 -> 631 3
500572 -> 632 3
560897 -> 633 3
560903 -> 634 3
560919 -> 635 3
560922 -> 636 3
509590 -> 637 3
509591 -> 638 3
509582 -> 639 3
87701 -> 640 3
87682 -> 641 3
87684 -> 642 3
87694 -> 643 3
87690 -> 644 3
20938 -> 645 3
20934 -> 646 3
20943 -> 647 3
48743 -> 648 3
48757 -> 649 3
48740 -> 650 3
324536 -> 651 3
324532 -> 652 3
48744 -> 653 3
48737 -> 654 3
493154 -> 655 3
87709 -> 656 3
87705 -> 657 3
20931 -> 658 3
20951 -> 659 3
24005 -> 660 3
24011 -> 661 3
20935 -> 662 3
87697 -> 663 3
20950 -> 664 3
20944 -> 665 3
509575 -> 666 4
561344 -> 667 4
561829 -> 668 4
406740 -> 669 4
561358 -> 670 4
561365 -> 671 4
48762 -> 672 4
328577 -> 673 4
328585 -> 674 4
328589 -> 675 4
328579 -> 676 4
328593 -> 677 4
48738 -> 678 4
48742 -> 679 4
87686 -> 680 4
87691 -> 681 4
87695 -> 682 4
87683 -> 683 4
87698 -> 684 4
87685 -> 685 4
87710 -> 686 4
87708 -> 687 4
87711 -> 688 4
20953 -> 689 4
20958 -> 690 4
20945 -> 691 4
20930 -> 692 4
87699 -> 693 4
493158 -> 694 4
493153 -> 695 4
509583 -> 696 4
509578 -> 697 4
500566 -> 698 4
20937 -> 699 4
20947 -> 700 4
24008 -> 701 4
324523 -> 702 4
324526 -> 703 4
560896 -> 704 4
560927 -> 705 4
560923 -> 706 4
509573 -> 707 4
565541 -> 708 4
565548 -> 709 4
500563 -> 710 4
500550 -> 711 4
565553 -> 712 4
500573 -> 713 4
565538 -> 714 5
565550 -> 715 5
565545 -> 716 5
565554 -> 717 5
561369 -> 718 5
565556 -> 719 5
561836 -> 720 5
561848 -> 721 5
48739 -> 722 5
493152 -> 723 5
20942 -> 724 5
20940 -> 725 5
493169 -> 726 5
20941 -> 727 5
48752 -> 728 5
324519 -> 729 5
328607 -> 730 5
565539 -> 731 5
500549 -> 732 5
501251 -> 733 5
406745 -> 734 5
501254 -> 735 5
500558 -> 736 5
560915 -> 737 5
500544 -> 738 5
501253 -> 739 6
406751 -> 740 6
561371 -> 741 6
560924 -> 742 6
565551 -> 743 6
561370 -> 744 6
20929 -> 745 6
20957 -> 746 6
20954 -> 747 6
493174 -> 748 6
493163 -> 749 6
493160 -> 750 6
87704 -> 751 6
324527 -> 752 6
48751 -> 753 6
406739 -> 754 6
406737 -> 755 6
561849 -> 756 6
565537 -> 757 6
565562 -> 758 6
561828 -> 759 6
406748 -> 760 6
406750 -> 761 6
406746 -> 762 6
406744 -> 763 6
500547 -> 764 6
565552 -> 765 7
406742 -> 766 7
560900 -> 767 7
493161 -> 768 7
493171 -> 769 7
493167 -> 770 7
20948 -> 771 7
328588 -> 772 7
324517 -> 773 7
324525 -> 774 7
324530 -> 775 7
493162 -> 776 7
565565 -> 777 7
560902 -> 778 7
509571 -> 779 7
560901 -> 780 7
561850 -> 781 7
561366 -> 782 7
406747 -> 783 7
406743 -> 784 7
561368 -> 785 7
24020 -> 786 7
561359 -> 787 8
561360 -> 788 8
509576 -> 789 8
501249 -> 790 8
561354 -> 791 8
509572 -> 792 8
565540 -> 793 8
231084 -> 794 8
231080 -> 795 8
231082 -> 796 8
20952 -> 797 8
328606 -> 798 8
406749 -> 799 8
48749 -> 800 9
231083 -> 801 9
560898 -> 802 9
565546 -> 803 9
561847 -> 804 9
324535 -> 805 9
493172 -> 806 9
493170 -> 807 9
500564 -> 808 9
561364 -> 809 9
509574 -> 810 9
509570 -> 811 10
231073 -> 812 10
561356 -> 813 10
561355 -> 814 10
561827 -> 815 10
493183 -> 816 10
324529 -> 817 10
324518 -> 818 10
324521 -> 819 10
231074 -> 820 10
561832 -> 821 11
500561 -> 822 11
565563 -> 823 11
20933 -> 824 11
493168 -> 825 11
493182 -> 826 11
20932 -> 827 11
493181 -> 828 11
493159 -> 829 11
231076 -> 830 11
561367 -> 831 11
324515 -> 832 11
231086 -> 833 11
231091 -> 834 11
493166 -> 835 12
20956 -> 836 12
20949 -> 837 12
231075 -> 838 12
328586 -> 839 12
500556 -> 840 12
560918 -> 841 13
560926 -> 842 13
565542 -> 843 13
561826 -> 844 13
561840 -> 845 13
561835 -> 846 13
561824 -> 847 13
48756 -> 848 13
231078 -> 849 13
493177 -> 850 13
493173 -> 851 13
561361 -> 852 14
561825 -> 853 14
324540 -> 854 14
328603 -> 855 14
493156 -> 856 14
20955 -> 857 15
500548 -> 858 15
561363 -> 859 16
560909 -> 860 16
560911 -> 861 16
324539 -> 862 17
231088 -> 863 17
560907 -> 864 17
565543 -> 865 17
560906 -> 866 17
561853 -> 867 18
493176 -> 868 18
231093 -> 869 18
48760 -> 870 18
231077 -> 871 18
406741 -> 872 19
324513 -> 873 19
565561 -> 874 19
509584 -> 875 19
328599 -> 876 20
509585 -> 877 20
509580 -> 878 20
493179 -> 879 21
500559 -> 880 21
565564 -> 881 21
324524 -> 882 21
561855 -> 883 21
24029 -> 884 21
48748 -> 885 21
565560 -> 886 22
509581 -> 887 22
328602 -> 888 22
493164 -> 889 22
24030 -> 890 22
231072 -> 891 22
48767 -> 892 23
24024 -> 893 23
493178 -> 894 24
48755 -> 895 24
560910 -> 896 24
324541 -> 897 24
324520 -> 898 24
324537 -> 899 24
560917 -> 900 24
560912 -> 901 25
87681 -> 902 26
509569 -> 903 26
560916 -> 904 26
493165 -> 905 26
509568 -> 906 27
561362 -> 907 27
324516 -> 908 27
48750 -> 909 27
87680 -> 910 28
561374 -> 911 28
231079 -> 912 28
328597 -> 913 28
324534 -> 914 29
324522 -> 915 29
48754 -> 916 30
501267 -> 917 31
324543 -> 918 31
231087 -> 919 32
560913 -> 920 32
560908 -> 921 32
231103 -> 922 33
231095 -> 923 33
500562 -> 924 33
324542 -> 925 34
24026 -> 926 37
231102 -> 927 37
501272 -> 928 38
24016 -> 929 39
24021 -> 930 39
561833 -> 931 41
24031 -> 932 41
24019 -> 933 42
500552 -> 934 42
48753 -> 935 42
231096 -> 936 43
328601 -> 937 43
561346 -> 938 44
509589 -> 939 44
561854 -> 940 44
24028 -> 941 45
561347 -> 942 45
48763 -> 943 46
328600 -> 944 46
493180 -> 945 47
231100 -> 946 48
24022 -> 947 49
231098 -> 948 49
328598 -> 949 49
560914 -> 950 50
500555 -> 951 51
24027 -> 952 52
24023 -> 953 52
324514 -> 954 52
328605 -> 955 53
328604 -> 956 54
501273 -> 957 56
500557 -> 958 56
324512 -> 959 59
231092 -> 960 61
24025 -> 961 63
324538 -> 962 64
501275 -> 963 64
501263 -> 964 66
501266 -> 965 68
231081 -> 966 69
48761 -> 967 75
48758 -> 968 76
501279 -> 969 77
501265 -> 970 82
565557 -> 971 84
48765 -> 972 86
500551 -> 973 87
231094 -> 974 87
565558 -> 975 88
561839 -> 976 89
565567 -> 977 89
231101 -> 978 91
48746 -> 979 93
501277 -> 980 93
501264 -> 981 95
501268 -> 982 95
48747 -> 983 97
48759 -> 984 99
48745 -> 985 101
231097 -> 986 102
561352 -> 987 103
24018 -> 988 103
48764 -> 989 105
565566 -> 990 107
561842 -> 991 112
501278 -> 992 113
561841 -> 993 113
328596 -> 994 113
231099 -> 995 116
561838 -> 996 125
501274 -> 997 132
501262 -> 998 134
501276 -> 999 134
501261 -> 1000 140
501270 -> 1001 148
561349 -> 1002 151
561350 -> 1003 154
561348 -> 1004 156
561351 -> 1005 206
501271 -> 1006 232
231090 -> 1007 447
48766 -> 1008 782
20928 -> 1009 786
493175 -> 1010 841
24017 -> 1011 868
231089 -> 1012 882
565559 -> 1013 916
87706 -> 1014 980
561353 -> 1015 1071
324533 -> 1016 1126
561837 -> 1017 1221
328595 -> 1018 1334
501269 -> 1019 1363
560905 -> 1020 1399
509577 -> 1021 1504
500575 -> 1022 1538
406738 -> 1023 2482
221601 -> 1024 1
202477 -> 1025 1
202484 -> 1026 1
202475 -> 1027 1
202468 -> 1028 1
202485 -> 1029 1
227082 -> 1030 1
299817 -> 1031 1
227078 -> 1032 1
227079 -> 1033 1
227081 -> 1034 1
156768 -> 1035 1
156772 -> 1036 1
156771 -> 1037 1
156770 -> 1038 1
156773 -> 1039 1
201088 -> 1040 2
201093 -> 1041 2
156769 -> 1042 2
201106 -> 1043 2
201104 -> 1044 2
227073 -> 1045 2
258308 -> 1046 2
158884 -> 1047 2
202479 -> 1048 2
202481 -> 1049 2
202476 -> 1050 2
221603 -> 1051 2
221609 -> 1052 2
221744 -> 1053 2
162099 -> 1054 2
162100 -> 1055 2
227077 -> 1056 2
227076 -> 1057 2
227080 -> 1058 2
162103 -> 1059 3
299820 -> 1060 3
162097 -> 1061 3
162089 -> 1062 3
162106 -> 1063 3
226586 -> 1064 3
226579 -> 1065 3
226582 -> 1066 3
226580 -> 1067 3
258789 -> 1068 3
201092 -> 1069 3
299821 -> 1070 3
226583 -> 1071 3
258328 -> 1072 3
258314 -> 1073 3
221604 -> 1074 3
162098 -> 1075 3
202480 -> 1076 3
158894 -> 1077 3
158889 -> 1078 3
158904 -> 1079 3
158903 -> 1080 4
158891 -> 1081 4
158902 -> 1082 4
158883 -> 1083 4
158887 -> 1084 4
158886 -> 1085 4
158882 -> 1086 4
158892 -> 1087 4
58295 -> 1088 4
227075 -> 1089 4
227074 -> 1090 4
299814 -> 1091 4
202472 -> 1092 4
202478 -> 1093 4
202471 -> 1094 4
158881 -> 1095 4
221742 -> 1096 4
207105 -> 1097 4
258791 -> 1098 4
226589 -> 1099 4
162095 -> 1100 5
162093 -> 1101 5
162094 -> 1102 5
162092 -> 1103 5
258334 -> 1104 5
207958 -> 1105 5
162090 -> 1106 5
207106 -> 1107 5
158901 -> 1108 5
158910 -> 1109 5
158880 -> 1110 5
221613 -> 1111 5
207957 -> 1112 5
158893 -> 1113 5
201095 -> 1114 5
201096 -> 1115 5
226581 -> 1116 5
299810 -> 1117 5
162091 -> 1118 5
202487 -> 1119 5
162087 -> 1120 6
207121 -> 1121 6
207116 -> 1122 6
162096 -> 1123 6
158885 -> 1124 6
156777 -> 1125 6
156775 -> 1126 6
156790 -> 1127 6
299816 -> 1128 6
226566 -> 1129 6
221620 -> 1130 6
158888 -> 1131 6
258326 -> 1132 6
221626 -> 1133 6
221628 -> 1134 7
258324 -> 1135 7
162086 -> 1136 7
227103 -> 1137 7
226578 -> 1138 7
258792 -> 1139 7
156782 -> 1140 7
207956 -> 1141 7
258329 -> 1142 7
221602 -> 1143 7
207945 -> 1144 7
162080 -> 1145 7
202483 -> 1146 7
162088 -> 1147 7
207118 -> 1148 7
162084 -> 1149 7
158908 -> 1150 7
158906 -> 1151 7
299827 -> 1152 7
201090 -> 1153 7
207938 -> 1154 8
158890 -> 1155 8
258332 -> 1156 8
221747 -> 1157 8
227100 -> 1158 8
221611 -> 1159 8
299839 -> 1160 8
299825 -> 1161 8
227090 -> 1162 8
58296 -> 1163 8
156788 -> 1164 8
299808 -> 1165 8
258786 -> 1166 8
227098 -> 1167 8
258312 -> 1168 8
221621 -> 1169 8
258330 -> 1170 8
207107 -> 1171 8
202469 -> 1172 8
226585 -> 1173 9
226577 -> 1174 9
299812 -> 1175 9
158895 -> 1176 9
258785 -> 1177 9
258790 -> 1178 9
258325 -> 1179 9
162082 -> 1180 9
258327 -> 1181 9
202467 -> 1182 9
221758 -> 1183 9
299819 -> 1184 10
202482 -> 1185 10
162083 -> 1186 10
258307 -> 1187 10
207961 -> 1188 10
162085 -> 1189 10
226561 -> 1190 10
158911 -> 1191 11
207123 -> 1192 11
202473 -> 1193 11
221610 -> 1194 11
258784 -> 1195 11
226588 -> 1196 11
299818 -> 1197 11
226573 -> 1198 11
207939 -> 1199 11
156791 -> 1200 11
156781 -> 1201 12
58297 -> 1202 12
207950 -> 1203 12
158909 -> 1204 12
258805 -> 1205 12
299828 -> 1206 12
299835 -> 1207 13
207120 -> 1208 13
207125 -> 1209 13
207967 -> 1210 13
258801 -> 1211 13
299834 -> 1212 13
207117 -> 1213 13
207113 -> 1214 13
207109 -> 1215 13
221751 -> 1216 13
202474 -> 1217 13
158899 -> 1218 13
258788 -> 1219 14
299836 -> 1220 14
227083 -> 1221 14
221745 -> 1222 14
207124 -> 1223 14
207947 -> 1224 14
221622 -> 1225 14
258306 -> 1226 14
221739 -> 1227 14
158905 -> 1228 14
156778 -> 1229 14
58278 -> 1230 15
201116 -> 1231 15
221735 -> 1232 15
221630 -> 1233 15
162081 -> 1234 15
258807 -> 1235 15
58279 -> 1236 15
258320 -> 1237 15
221608 -> 1238 16
207108 -> 1239 16
207132 -> 1240 16
226584 -> 1241 16
299838 -> 1242 16
258331 -> 1243 16
258323 -> 1244 16
207942 -> 1245 16
207963 -> 1246 16
221756 -> 1247 16
299826 -> 1248 16
156826 -> 1249 16
58286 -> 1250 16
156796 -> 1251 16
156821 -> 1252 16
58293 -> 1253 16
201102 -> 1254 16
201114 -> 1255 17
227086 -> 1256 17
221625 -> 1257 17
156792 -> 1258 17
58303 -> 1259 17
202488 -> 1260 18
258793 -> 1261 18
258309 -> 1262 18
158907 -> 1263 18
201119 -> 1264 18
156779 -> 1265 18
58301 -> 1266 18
226574 -> 1267 18
226572 -> 1268 18
226587 -> 1269 18
156816 -> 1270 19
207128 -> 1271 19
221733 -> 1272 19
207126 -> 1273 19
258318 -> 1274 19
258322 -> 1275 19
202470 -> 1276 20
58294 -> 1277 20
221728 -> 1278 20
221746 -> 1279 20
156774 -> 1280 20
226576 -> 1281 20
201118 -> 1282 20
201099 -> 1283 21
58298 -> 1284 21
221750 -> 1285 21
221743 -> 1286 21
207110 -> 1287 21
221607 -> 1288 21
58287 -> 1289 21
227094 -> 1290 21
226591 -> 1291 21
226571 -> 1292 22
258806 -> 1293 22
299829 -> 1294 22
299813 -> 1295 22
156820 -> 1296 22
221757 -> 1297 22
207122 -> 1298 22
202466 -> 1299 22
258315 -> 1300 22
258321 -> 1301 23
299837 -> 1302 23
201100 -> 1303 23
207955 -> 1304 23
258305 -> 1305 23
207937 -> 1306 24
158898 -> 1307 24
258809 -> 1308 24
299832 -> 1309 24
258317 -> 1310 24
226575 -> 1311 24
258311 -> 1312 25
207114 -> 1313 25
207115 -> 1314 25
202486 -> 1315 25
58274 -> 1316 26
201091 -> 1317 26
201115 -> 1318 26
221624 -> 1319 26
221737 -> 1320 26
207131 -> 1321 26
207953 -> 1322 26
202465 -> 1323 26
226570 -> 1324 26
207951 -> 1325 27
156802 -> 1326 27
207960 -> 1327 27
201103 -> 1328 27
299811 -> 1329 27
156793 -> 1330 28
201117 -> 1331 28
207946 -> 1332 28
207943 -> 1333 28
221732 -> 1334 28
162104 -> 1335 29
258815 -> 1336 29
58275 -> 1337 29
258333 -> 1338 30
258313 -> 1339 30
58285 -> 1340 30
58290 -> 1341 30
299824 -> 1342 30
207119 -> 1343 31
226568 -> 1344 31
227072 -> 1345 31
226590 -> 1346 31
58302 -> 1347 31
156789 -> 1348 31
258335 -> 1349 31
158896 -> 1350 32
202464 -> 1351 32
201089 -> 1352 32
226569 -> 1353 32
221741 -> 1354 34
258787 -> 1355 34
226560 -> 1356 36
58289 -> 1357 36
156825 -> 1358 36
58284 -> 1359 36
221755 -> 1360 36
221740 -> 1361 36
207964 -> 1362 36
221617 -> 1363 36
227096 -> 1364 37
258812 -> 1365 37
58292 -> 1366 38
58288 -> 1367 38
221605 -> 1368 38
156803 -> 1369 39
258813 -> 1370 39
156806 -> 1371 39
207944 -> 1372 39
227084 -> 1373 39
221623 -> 1374 40
207104 -> 1375 40
226563 -> 1376 40
258316 -> 1377 41
221729 -> 1378 41
221754 -> 1379 41
58280 -> 1380 41
58291 -> 1381 41
299831 -> 1382 41
258794 -> 1383 42
258802 -> 1384 42
156808 -> 1385 42
299833 -> 1386 42
58300 -> 1387 43
258310 -> 1388 43
156827 -> 1389 43
227102 -> 1390 44
221759 -> 1391 44
226562 -> 1392 45
201108 -> 1393 45
258803 -> 1394 45
258797 -> 1395 46
162105 -> 1396 46
207954 -> 1397 46
258304 -> 1398 46
207966 -> 1399 47
201112 -> 1400 48
258811 -> 1401 48
207936 -> 1402 48
207949 -> 1403 48
258804 -> 1404 48
221749 -> 1405 49
258810 -> 1406 49
299815 -> 1407 49
221629 -> 1408 49
156784 -> 1409 50
58273 -> 1410 51
156828 -> 1411 51
207965 -> 1412 52
162108 -> 1413 52
207129 -> 1414 53
207962 -> 1415 53
207959 -> 1416 55
201110 -> 1417 55
156824 -> 1418 56
221730 -> 1419 56
221752 -> 1420 56
227088 -> 1421 56
226565 -> 1422 57
162107 -> 1423 57
58282 -> 1424 58
207133 -> 1425 59
207948 -> 1426 59
156783 -> 1427 60
221616 -> 1428 61
227087 -> 1429 61
299830 -> 1430 61
258808 -> 1431 61
226564 -> 1432 62
227095 -> 1433 64
258814 -> 1434 66
158900 -> 1435 66
156818 -> 1436 66
201113 -> 1437 66
207112 -> 1438 68
156800 -> 1439 68
156785 -> 1440 69
227101 -> 1441 70
156804 -> 1442 70
207941 -> 1443 70
58272 -> 1444 70
207111 -> 1445 71
156823 -> 1446 73
221753 -> 1447 74
221600 -> 1448 74
221736 -> 1449 76
221734 -> 1450 80
58276 -> 1451 80
58283 -> 1452 80
58299 -> 1453 82
156831 -> 1454 85
207135 -> 1455 87
156801 -> 1456 88
201109 -> 1457 91
156805 -> 1458 94
221612 -> 1459 96
156814 -> 1460 99
299809 -> 1461 99
201101 -> 1462 101
221731 -> 1463 102
156829 -> 1464 105
162110 -> 1465 108
207130 -> 1466 109
201105 -> 1467 110
258798 -> 1468 110
201111 -> 1469 111
156780 -> 1470 112
227097 -> 1471 116
156799 -> 1472 116
156812 -> 1473 121
227092 -> 1474 124
156810 -> 1475 125
227099 -> 1476 127
156830 -> 1477 129
202489 -> 1478 130
156817 -> 1479 132
258796 -> 1480 133
221631 -> 1481 138
227093 -> 1482 140
156822 -> 1483 144
221618 -> 1484 145
299822 -> 1485 145
227089 -> 1486 147
156776 -> 1487 154
156786 -> 1488 157
156815 -> 1489 158
162101 -> 1490 162
156794 -> 1491 172
207952 -> 1492 175
156795 -> 1493 182
201094 -> 1494 182
202494 -> 1495 204
202493 -> 1496 209
202492 -> 1497 211
156797 -> 1498 215
202495 -> 1499 216
156807 -> 1500 224
156813 -> 1501 238
58281 -> 1502 242
258795 -> 1503 249
221627 -> 1504 268
156811 -> 1505 269
156819 -> 1506 271
227091 -> 1507 272
201107 -> 1508 298
156798 -> 1509 316
162111 -> 1510 317
221615 -> 1511 335
207134 -> 1512 350
258800 -> 1513 356
221606 -> 1514 370
162109 -> 1515 398
201097 -> 1516 420
221619 -> 1517 509
221748 -> 1518 545
202490 -> 1519 725
202491 -> 1520 778
258319 -> 1521 794
258799 -> 1522 846
226567 -> 1523 854
207940 -> 1524 860
162102 -> 1525 924
221738 -> 1526 949
158897 -> 1527 977
227085 -> 1528 1005
201098 -> 1529 1008
58277 -> 1530 1036
207127 -> 1531 1189
221614 -> 1532 1704
299823 -> 1533 1943
156809 -> 1534 1977
156787 -> 1535 2236
149408 -> 1536 1
149409 -> 1537 1
149410 -> 1538 1
149411 -> 1539 1
149412 -> 1540 1
149413 -> 1541 1
149414 -> 1542 1
149415 -> 1543 1
1857 -> 1544 1
157186 -> 1545 2
1973 -> 1546 2
157192 -> 1547 2
1977 -> 1548 2
1979 -> 1549 2
1978 -> 1550 2
1969 -> 1551 2
1954 -> 1552 2
1968 -> 1553 2
1956 -> 1554 2
1955 -> 1555 2
1957 -> 1556 2
1966 -> 1557 2
1962 -> 1558 2
1959 -> 1559 2
1948 -> 1560 2
1940 -> 1561 2
2001 -> 1562 2
2006 -> 1563 2
2005 -> 1564 2
2009 -> 1565 2
2008 -> 1566 2
1983 -> 1567 2
2017 -> 1568 2
1989 -> 1569 2
1990 -> 1570 2
1991 -> 1571 2
1988 -> 1572 2
1995 -> 1573 2
1994 -> 1574 2
1997 -> 1575 2
1993 -> 1576 2
2003 -> 1577 2
2002 -> 1578 2
2026 -> 1579 2
2024 -> 1580 2
2027 -> 1581 2
2030 -> 1582 2
2031 -> 1583 2
2033 -> 1584 2
2018 -> 1585 2
2022 -> 1586 2
2023 -> 1587 2
2021 -> 1588 2
2029 -> 1589 2
2038 -> 1590 2
2037 -> 1591 2
2036 -> 1592 2
2035 -> 1593 2
2034 -> 1594 2
2039 -> 1595 2
2046 -> 1596 2
2040 -> 1597 2
1855 -> 1598 2
2015 -> 1599 2
1986 -> 1600 2
1854 -> 1601 2
1928 -> 1602 2
1933 -> 1603 2
1931 -> 1604 2
1949 -> 1605 2
1950 -> 1606 2
1951 -> 1607 2
1924 -> 1608 2
1927 -> 1609 2
2047 -> 1610 2
1852 -> 1611 2
157185 -> 1612 3
157965 -> 1613 3
157963 -> 1614 3
157980 -> 1615 3
1987 -> 1616 3
2012 -> 1617 3
2010 -> 1618 3
2013 -> 1619 3
2014 -> 1620 3
2007 -> 1621 3
2000 -> 1622 3
2011 -> 1623 3
1946 -> 1624 3
1944 -> 1625 3
2025 -> 1626 3
1992 -> 1627 3
1985 -> 1628 3
1984 -> 1629 3
6642 -> 1630 3
2041 -> 1631 3
1976 -> 1632 3
1980 -> 1633 3
1938 -> 1634 3
1937 -> 1635 3
1974 -> 1636 3
1972 -> 1637 3
1975 -> 1638 3
1970 -> 1639 3
1964 -> 1640 3
1960 -> 1641 3
1963 -> 1642 3
1961 -> 1643 3
1967 -> 1644 3
1965 -> 1645 3
1953 -> 1646 3
1958 -> 1647 3
1947 -> 1648 3
1971 -> 1649 3
1929 -> 1650 3
1934 -> 1651 3
1942 -> 1652 3
1941 -> 1653 3
1943 -> 1654 3
1939 -> 1655 3
1932 -> 1656 3
1945 -> 1657 3
1921 -> 1658 3
1923 -> 1659 3
1935 -> 1660 3
1925 -> 1661 3
2016 -> 1662 3
2043 -> 1663 3
1999 -> 1664 3
1996 -> 1665 3
1982 -> 1666 3
1981 -> 1667 3
1858 -> 1668 3
1856 -> 1669 3
1919 -> 1670 3
1859 -> 1671 3
1869 -> 1672 3
2020 -> 1673 3
2028 -> 1674 3
2044 -> 1675 3
2045 -> 1676 3
2032 -> 1677 3
2042 -> 1678 3
201136 -> 1679 4
157954 -> 1680 4
157958 -> 1681 4
157962 -> 1682 4
157961 -> 1683 4
102821 -> 1684 4
156878 -> 1685 4
2004 -> 1686 4
1936 -> 1687 4
1930 -> 1688 4
1916 -> 1689 4
1918 -> 1690 4
1848 -> 1691 4
1828 -> 1692 4
1851 -> 1693 4
1868 -> 1694 4
1892 -> 1695 4
1915 -> 1696 4
1860 -> 1697 4
2019 -> 1698 4
1998 -> 1699 4
1920 -> 1700 4
1922 -> 1701 4
6639 -> 1702 5
149426 -> 1703 5
157952 -> 1704 5
157969 -> 1705 5
156866 -> 1706 5
157190 -> 1707 5
157978 -> 1708 5
1952 -> 1709 5
1827 -> 1710 5
1917 -> 1711 5
157191 -> 1712 6
157187 -> 1713 6
149416 -> 1714 6
149439 -> 1715 6
201140 -> 1716 6
201144 -> 1717 6
201150 -> 1718 6
157970 -> 1719 6
157967 -> 1720 6
157966 -> 1721 6
157956 -> 1722 6
1813 -> 1723 6
1850 -> 1724 6
157955 -> 1725 6
157983 -> 1726 6
201148 -> 1727 6
1840 -> 1728 6
1821 -> 1729 6
1829 -> 1730 6
1837 -> 1731 6
1926 -> 1732 6
1849 -> 1733 6
1842 -> 1734 6
1806 -> 1735 7
1816 -> 1736 7
1833 -> 1737 7
1841 -> 1738 7
157979 -> 1739 7
157981 -> 1740 7
157973 -> 1741 7
157968 -> 1742 7
157189 -> 1743 7
157188 -> 1744 7
102839 -> 1745 7
157193 -> 1746 7
157201 -> 1747 7
1812 -> 1748 7
1903 -> 1749 7
1875 -> 1750 7
1814 -> 1751 7
1815 -> 1752 8
1867 -> 1753 8
1899 -> 1754 8
1894 -> 1755 8
1832 -> 1756 8
1846 -> 1757 8
1805 -> 1758 8
1807 -> 1759 8
1823 -> 1760 8
1817 -> 1761 8
1819 -> 1762 8
1811 -> 1763 8
201149 -> 1764 8
157974 -> 1765 8
157975 -> 1766 8
201143 -> 1767 8
1844 -> 1768 8
1845 -> 1769 8
1831 -> 1770 8
1896 -> 1771 8
1826 -> 1772 8
1818 -> 1773 9
1820 -> 1774 9
1809 -> 1775 9
102834 -> 1776 9
157960 -> 1777 9
157209 -> 1778 9
157206 -> 1779 9
1900 -> 1780 9
1838 -> 1781 9
1836 -> 1782 9
1825 -> 1783 9
157953 -> 1784 9
201138 -> 1785 9
201146 -> 1786 9
201147 -> 1787 9
201137 -> 1788 9
156865 -> 1789 9
157972 -> 1790 9
157957 -> 1791 9
1878 -> 1792 9
1880 -> 1793 9
1884 -> 1794 9
1883 -> 1795 9
1910 -> 1796 9
1906 -> 1797 9
1897 -> 1798 9
157202 -> 1799 10
6628 -> 1800 10
6641 -> 1801 10
102830 -> 1802 10
1834 -> 1803 10
1824 -> 1804 10
157971 -> 1805 10
156879 -> 1806 10
157959 -> 1807 10
1822 -> 1808 10
1808 -> 1809 10
1810 -> 1810 10
1905 -> 1811 10
1870 -> 1812 10
1904 -> 1813 10
1877 -> 1814 10
1908 -> 1815 10
1839 -> 1816 10
1835 -> 1817 10
1830 -> 1818 10
1873 -> 1819 10
1862 -> 1820 10
1885 -> 1821 10
102831 -> 1822 11
201139 -> 1823 11
1893 -> 1824 11
1798 -> 1825 11
1847 -> 1826 11
1912 -> 1827 11
1796 -> 1828 11
1907 -> 1829 11
1876 -> 1830 11
1802 -> 1831 11
1794 -> 1832 11
201145 -> 1833 11
201129 -> 1834 11
1881 -> 1835 11
102841 -> 1836 11
1866 -> 1837 12
1864 -> 1838 12
1886 -> 1839 12
6627 -> 1840 12
6633 -> 1841 12
6632 -> 1842 12
156867 -> 1843 12
157199 -> 1844 12
1871 -> 1845 12
1909 -> 1846 12
1914 -> 1847 12
1804 -> 1848 12
1800 -> 1849 12
1898 -> 1850 12
1913 -> 1851 12
1882 -> 1852 12
1799 -> 1853 12
1795 -> 1854 12
1793 -> 1855 12
102829 -> 1856 12
157200 -> 1857 12
1890 -> 1858 13
1872 -> 1859 13
1863 -> 1860 13
1911 -> 1861 13
1902 -> 1862 13
6646 -> 1863 13
1797 -> 1864 13
1792 -> 1865 13
1803 -> 1866 13
157195 -> 1867 14
1879 -> 1868 14
201135 -> 1869 14
1801 -> 1870 14
1843 -> 1871 14
201131 -> 1872 14
149430 -> 1873 14
157210 -> 1874 14
157184 -> 1875 14
201141 -> 1876 14
156872 -> 1877 14
6647 -> 1878 15
156877 -> 1879 15
1874 -> 1880 15
1895 -> 1881 16
201123 -> 1882 16
6629 -> 1883 16
201142 -> 1884 16
1901 -> 1885 16
6644 -> 1886 17
6645 -> 1887 17
201130 -> 1888 18
201133 -> 1889 18
1891 -> 1890 18
6655 -> 1891 18
1887 -> 1892 19
1889 -> 1893 19
1888 -> 1894 19
1853 -> 1895 19
102820 -> 1896 19
102824 -> 1897 19
6650 -> 1898 19
149199 -> 1899 20
6653 -> 1900 20
6649 -> 1901 20
201134 -> 1902 20
201132 -> 1903 20
6631 -> 1904 20
1861 -> 1905 21
156882 -> 1906 21
157211 -> 1907 21
201120 -> 1908 21
157982 -> 1909 21
201125 -> 1910 21
149197 -> 1911 22
6634 -> 1912 22
1865 -> 1913 23
156895 -> 1914 23
201121 -> 1915 23
6643 -> 1916 23
157196 -> 1917 23
157213 -> 1918 24
156889 -> 1919 24
6654 -> 1920 25
6638 -> 1921 25
102835 -> 1922 25
6652 -> 1923 26
102840 -> 1924 26
6637 -> 1925 26
6648 -> 1926 27
102826 -> 1927 27
156864 -> 1928 28
157197 -> 1929 29
157204 -> 1930 29
201124 -> 1931 29
157964 -> 1932 29
149207 -> 1933 30
157212 -> 1934 31
149205 -> 1935 32
102837 -> 1936 32
6640 -> 1937 33
102846 -> 1938 33
102823 -> 1939 34
157203 -> 1940 34
102822 -> 1941 34
149429 -> 1942 36
149214 -> 1943 36
156874 -> 1944 36
157977 -> 1945 36
6624 -> 1946 38
6626 -> 1947 38
6630 -> 1948 39
102825 -> 1949 39
157207 -> 1950 39
102838 -> 1951 40
6651 -> 1952 42
149204 -> 1953 42
156873 -> 1954 43
156881 -> 1955 44
157208 -> 1956 45
102828 -> 1957 45
102847 -> 1958 46
157205 -> 1959 49
149206 -> 1960 49
102827 -> 1961 49
102836 -> 1962 50
149209 -> 1963 51
201126 -> 1964 52
156883 -> 1965 52
102819 -> 1966 52
6636 -> 1967 53
149196 -> 1968 56
102845 -> 1969 59
156892 -> 1970 62
102842 -> 1971 62
149437 -> 1972 63
156884 -> 1973 63
201122 -> 1974 64
149432 -> 1975 66
157198 -> 1976 67
156891 -> 1977 69
149428 -> 1978 73
156868 -> 1979 74
102844 -> 1980 78
149435 -> 1981 79
149433 -> 1982 79
102843 -> 1983 80
201151 -> 1984 80
156886 -> 1985 82
149195 -> 1986 85
149438 -> 1987 86
149431 -> 1988 91
149200 -> 1989 93
149210 -> 1990 94
102816 -> 1991 96
149201 -> 1992 97
156890 -> 1993 100
157194 -> 1994 103
149203 -> 1995 104
102817 -> 1996 105
149417 -> 1997 105
156893 -> 1998 106
149427 -> 1999 107
149202 -> 2000 108
156885 -> 2001 110
156875 -> 2002 112
149185 -> 2003 112
201127 -> 2004 113
149420 -> 2005 115
156894 -> 2006 116
149215 -> 2007 116
102818 -> 2008 116
156880 -> 2009 121
156876 -> 2010 130
149194 -> 2011 130
156869 -> 2012 137
156870 -> 2013 141
6635 -> 2014 148
149188 -> 2015 158
149211 -> 2016 159
149208 -> 2017 161
149193 -> 2018 166
156871 -> 2019 168
156888 -> 2020 168
149424 -> 2021 169
102833 -> 2022 169
149198 -> 2023 173
149421 -> 2024 176
149436 -> 2025 177
149191 -> 2026 196
149425 -> 2027 199
149192 -> 2028 205
149423 -> 2029 215
149422 -> 2030 219
149213 -> 2031 230
149186 -> 2032 238
149190 -> 2033 250
149434 -> 2034 255
149189 -> 2035 257
149212 -> 2036 264
149418 -> 2037 389
149184 -> 2038 613
102832 -> 2039 728
149187 -> 2040 739
157215 -> 2041 856
6625 -> 2042 857
157976 -> 2043 883
156887 -> 2044 885
157214 -> 2045 952
201128 -> 2046 1318
149419 -> 2047 3714

	iterations = 12.
	runtime [opt] = 12.842304 ms.
Breadth-first Search by Xuhao Chen
Reading (.mtx) input file /lfs1/usrscratch/mtech/cs22m036/mtx/as-Skitter.mtx
Removing redundent edges... 0 redundent edges are removed
|V| 1696415 |E| 11095298
max_degree: 3714 source: 149419
--------------BFS OPT results for source 149419 and magic val 700-----------------
490176 -> 0 5
490177 -> 1 5
490178 -> 2 6
490179 -> 3 4
490180 -> 4 10
490181 -> 5 3
490182 -> 6 7
490183 -> 7 6
490184 -> 8 6
490185 -> 9 2
490186 -> 10 3
490187 -> 11 1
490188 -> 12 1090
490189 -> 13 24
490190 -> 14 152
490191 -> 15 18
490192 -> 16 9
490193 -> 17 12
490194 -> 18 12
490195 -> 19 15
490196 -> 20 11
490197 -> 21 12
490198 -> 22 13
490199 -> 23 8
490200 -> 24 18
490201 -> 25 12
490202 -> 26 10
490203 -> 27 15
490204 -> 28 11
490205 -> 29 10
490206 -> 30 11
490207 -> 31 14
380320 -> 32 1
380321 -> 33 723
380322 -> 34 3
380323 -> 35 8
380324 -> 36 2
380325 -> 37 49
380326 -> 38 4
380327 -> 39 7
380328 -> 40 3
380329 -> 41 10
380330 -> 42 5
380331 -> 43 8
380332 -> 44 9
380333 -> 45 5
380334 -> 46 7
380335 -> 47 6
380336 -> 48 7
380337 -> 49 5
380338 -> 50 6
380339 -> 51 5
380340 -> 52 7
380341 -> 53 5
380342 -> 54 8
380343 -> 55 7
380344 -> 56 8
380345 -> 57 6
380346 -> 58 9
380347 -> 59 6
380348 -> 60 6
380349 -> 61 3
380350 -> 62 7
380351 -> 63 3
87680 -> 64 28
87681 -> 65 26
87682 -> 66 3
87683 -> 67 4
87684 -> 68 3
87685 -> 69 4
87686 -> 70 4
87687 -> 71 2
87688 -> 72 3
87689 -> 73 3
87690 -> 74 3
87691 -> 75 4
87692 -> 76 3
87693 -> 77 3
87694 -> 78 3
87695 -> 79 4
87696 -> 80 3
87697 -> 81 3
87698 -> 82 4
87699 -> 83 4
87700 -> 84 2
87701 -> 85 3
87702 -> 86 1
87703 -> 87 1
87704 -> 88 6
87705 -> 89 3
87706 -> 90 980
87707 -> 91 2
87708 -> 92 4
87709 -> 93 3
87710 -> 94 4
87711 -> 95 4
72448 -> 96 26
72449 -> 97 18
72450 -> 98 24
72451 -> 99 31
72452 -> 100 29
72453 -> 101 24
72454 -> 102 32
72455 -> 103 10
72456 -> 104 10
72457 -> 105 10
72458 -> 106 10
72459 -> 107 10
72460 -> 108 10
72461 -> 109 10
72462 -> 110 13
72463 -> 111 15
72464 -> 112 14
72465 -> 113 14
72466 -> 114 9
72467 -> 115 9
72468 -> 116 9
72469 -> 117 8
72470 -> 118 9
72471 -> 119 39
72472 -> 120 67
72473 -> 121 87
72474 -> 122 89
72475 -> 123 15
72476 -> 124 54
72477 -> 125 722
72478 -> 126 60
72479 -> 127 34
928768 -> 128 7
928769 -> 129 8
928770 -> 130 7
928771 -> 131 6
928772 -> 132 7
928773 -> 133 7
928774 -> 134 5
928775 -> 135 5
928776 -> 136 7
928777 -> 137 10
928778 -> 138 7
928779 -> 139 6
928780 -> 140 5
928781 -> 141 5
928782 -> 142 5
928783 -> 143 12
928784 -> 144 6
928785 -> 145 5
928786 -> 146 5
928787 -> 147 1526
928788 -> 148 4
928789 -> 149 4
928790 -> 150 5
928791 -> 151 8
928792 -> 152 4
928793 -> 153 3
928794 -> 154 5
928795 -> 155 4
928796 -> 156 4
928797 -> 157 4
928798 -> 158 5
928799 -> 159 5
72480 -> 160 108
72481 -> 161 263
72482 -> 162 894
72483 -> 163 190
72484 -> 164 15
72485 -> 165 15
72486 -> 166 276
72487 -> 167 89
72488 -> 168 19
72489 -> 169 28
72490 -> 170 73
72491 -> 171 175
72492 -> 172 4
72493 -> 173 27
72494 -> 174 22
72495 -> 175 144
72496 -> 176 52
72497 -> 177 122
72498 -> 178 77
72499 -> 179 99
72500 -> 180 105
72501 -> 181 25
72502 -> 182 23
72503 -> 183 17
72504 -> 184 30
72505 -> 185 11
72506 -> 186 14
72507 -> 187 15
72508 -> 188 16
72509 -> 189 66
72510 -> 190 49
72511 -> 191 38
276832 -> 192 3
276833 -> 193 3
276834 -> 194 5
276835 -> 195 3
276836 -> 196 2
276837 -> 197 1
276838 -> 198 1
276839 -> 199 6
276840 -> 200 4
276841 -> 201 4
276842 -> 202 5
276843 -> 203 4
276844 -> 204 1
276845 -> 205 24
276846 -> 206 803
276847 -> 207 812
276848 -> 208 64
276849 -> 209 28
276850 -> 210 530
276851 -> 211 31
276852 -> 212 110
276853 -> 213 33
276854 -> 214 43
276855 -> 215 10
276856 -> 216 36
276857 -> 217 3
276858 -> 218 3
276859 -> 219 11
276860 -> 220 3
276861 -> 221 3
276862 -> 222 34
276863 -> 223 10
929056 -> 224 4
929057 -> 225 5
929058 -> 226 3
929059 -> 227 4
929060 -> 228 3
929061 -> 229 3
929062 -> 230 3
929063 -> 231 2
929064 -> 232 3
929065 -> 233 2131
929066 -> 234 3
929067 -> 235 4
929068 -> 236 3
929069 -> 237 6
929070 -> 238 3
929071 -> 239 6
929072 -> 240 3
929073 -> 241 2
929074 -> 242 20
929075 -> 243 2
929076 -> 244 1
929077 -> 245 7
929078 -> 246 13
929079 -> 247 7
929080 -> 248 6
929081 -> 249 5
929082 -> 250 2
929083 -> 251 7
929084 -> 252 1
929085 -> 253 4
929086 -> 254 6
929087 -> 255 9
928032 -> 256 6
928033 -> 257 9
928034 -> 258 10
928035 -> 259 9
928036 -> 260 8
928037 -> 261 10
928038 -> 262 8
928039 -> 263 11
928040 -> 264 10
928041 -> 265 11
928042 -> 266 11
928043 -> 267 1648
928044 -> 268 8
928045 -> 269 8
928046 -> 270 7
928047 -> 271 5
928048 -> 272 7
928049 -> 273 5
928050 -> 274 11
928051 -> 275 8
928052 -> 276 5
928053 -> 277 5
928054 -> 278 8
928055 -> 279 9
928056 -> 280 7
928057 -> 281 7
928058 -> 282 8
928059 -> 283 5
928060 -> 284 8
928061 -> 285 8
928062 -> 286 6
928063 -> 287 5
270112 -> 288 2
270113 -> 289 2
270114 -> 290 42
270115 -> 291 19
270116 -> 292 57
270117 -> 293 14
270118 -> 294 22
270119 -> 295 11
270120 -> 296 12
270121 -> 297 7
270122 -> 298 10
270123 -> 299 4
270124 -> 300 3
270125 -> 301 75
270126 -> 302 93
270127 -> 303 2
270128 -> 304 50
270129 -> 305 23
270130 -> 306 1720
270131 -> 307 12
270132 -> 308 11
270133 -> 309 76
270134 -> 310 278
270135 -> 311 17
270136 -> 312 51
270137 -> 313 15
270138 -> 314 52
270139 -> 315 53
270140 -> 316 20
270141 -> 317 37
270142 -> 318 55
270143 -> 319 24
167008 -> 320 2
167009 -> 321 2
167010 -> 322 2
167011 -> 323 2
167012 -> 324 2
167013 -> 325 56
167014 -> 326 104
167015 -> 327 26
167016 -> 328 36
167017 -> 329 5
167018 -> 330 14
167019 -> 331 24
167020 -> 332 4
167021 -> 333 5
167022 -> 334 6
167023 -> 335 6
167024 -> 336 9
167025 -> 337 8
167026 -> 338 174
167027 -> 339 140
167028 -> 340 13
167029 -> 341 220
167030 -> 342 224
167031 -> 343 1821
167032 -> 344 47
167033 -> 345 15
167034 -> 346 170
167035 -> 347 77
167036 -> 348 24
167037 -> 349 56
167038 -> 350 383
167039 -> 351 221
619872 -> 352 17
619873 -> 353 26
619874 -> 354 3
619875 -> 355 2
619876 -> 356 3
619877 -> 357 2
619878 -> 358 2
619879 -> 359 2
619880 -> 360 861
619881 -> 361 8
619882 -> 362 69
619883 -> 363 70
619884 -> 364 10
619885 -> 365 6
619886 -> 366 27
619887 -> 367 40
619888 -> 368 2
619889 -> 369 2
619890 -> 370 28
619891 -> 371 16
619892 -> 372 5
619893 -> 373 6
619894 -> 374 20
619895 -> 375 14
619896 -> 376 6
619897 -> 377 6
619898 -> 378 4
619899 -> 379 4
619900 -> 380 4
619901 -> 381 7
619902 -> 382 2
619903 -> 383 3
541632 -> 384 21
541633 -> 385 3
541634 -> 386 2
541635 -> 387 4
541636 -> 388 5
541637 -> 389 30
541638 -> 390 28
541639 -> 391 7
541640 -> 392 4
541641 -> 393 5
541642 -> 394 6
541643 -> 395 6
541644 -> 396 7
541645 -> 397 13
541646 -> 398 5
541647 -> 399 7
541648 -> 400 29
541649 -> 401 4
541650 -> 402 5
541651 -> 403 4
541652 -> 404 7
541653 -> 405 3
541654 -> 406 70
541655 -> 407 18
541656 -> 408 57
541657 -> 409 3
541658 -> 410 374
541659 -> 411 731
541660 -> 412 151
541661 -> 413 169
541662 -> 414 180
541663 -> 415 43
509568 -> 416 27
509569 -> 417 26
509570 -> 418 10
509571 -> 419 7
509572 -> 420 8
509573 -> 421 4
509574 -> 422 9
509575 -> 423 4
509576 -> 424 8
509577 -> 425 1504
509578 -> 426 4
509579 -> 427 2
509580 -> 428 20
509581 -> 429 22
509582 -> 430 3
509583 -> 431 4
509584 -> 432 19
509585 -> 433 20
509586 -> 434 3
509587 -> 435 2
509588 -> 436 2
509589 -> 437 44
509590 -> 438 3
509591 -> 439 3
509592 -> 440 3
509593 -> 441 2
509594 -> 442 2
509595 -> 443 2
509596 -> 444 2
509597 -> 445 2
509598 -> 446 2
509599 -> 447 2
678528 -> 448 5
678529 -> 449 3
678530 -> 450 3
678531 -> 451 3
678532 -> 452 3
678533 -> 453 3
678534 -> 454 3
678535 -> 455 6
678536 -> 456 15
678537 -> 457 11
678538 -> 458 6
678539 -> 459 7
678540 -> 460 9
678541 -> 461 8
678542 -> 462 19
678543 -> 463 1861
678544 -> 464 12
678545 -> 465 37
678546 -> 466 46
678547 -> 467 12
678548 -> 468 5
678549 -> 469 3
678550 -> 470 3
678551 -> 471 61
678552 -> 472 9
678553 -> 473 9
678554 -> 474 7
678555 -> 475 7
678556 -> 476 3
678557 -> 477 9
678558 -> 478 7
678559 -> 479 3
519648 -> 480 4
519649 -> 481 2
519650 -> 482 2
519651 -> 483 2
519652 -> 484 19
519653 -> 485 5
519654 -> 486 4
519655 -> 487 2
519656 -> 488 1
519657 -> 489 4
519658 -> 490 7
519659 -> 491 1
519660 -> 492 9
519661 -> 493 4
519662 -> 494 5
519663 -> 495 7
519664 -> 496 1
519665 -> 497 3
519666 -> 498 3
519667 -> 499 2
519668 -> 500 2
519669 -> 501 99
519670 -> 502 961
519671 -> 503 441
519672 -> 504 412
519673 -> 505 3
519674 -> 506 85
519675 -> 507 89
519676 -> 508 25
519677 -> 509 24
519678 -> 510 26
519679 -> 511 4
560896 -> 512 4
560897 -> 513 3
560898 -> 514 9
560899 -> 515 1
560900 -> 516 7
560901 -> 517 7
560902 -> 518 7
560903 -> 519 3
560904 -> 520 3
560905 -> 521 1399
560906 -> 522 17
560907 -> 523 17
560908 -> 524 32
560909 -> 525 16
560910 -> 526 24
560911 -> 527 16
560912 -> 528 25
560913 -> 529 32
560914 -> 530 50
560915 -> 531 5
560916 -> 532 26
560917 -> 533 24
560918 -> 534 13
560919 -> 535 3
560920 -> 536 2
560921 -> 537 1
560922 -> 538 3
560923 -> 539 4
560924 -> 540 6
560925 -> 541 3
560926 -> 542 13
560927 -> 543 4
565536 -> 544 2
565537 -> 545 6
565538 -> 546 5
565539 -> 547 5
565540 -> 548 8
565541 -> 549 4
565542 -> 550 13
565543 -> 551 17
565544 -> 552 1
565545 -> 553 5
565546 -> 554 9
565547 -> 555 3
565548 -> 556 4
565549 -> 557 2
565550 -> 558 5
565551 -> 559 6
565552 -> 560 7
565553 -> 561 4
565554 -> 562 5
565555 -> 563 3
565556 -> 564 5
565557 -> 565 84
565558 -> 566 88
565559 -> 567 916
565560 -> 568 22
565561 -> 569 19
565562 -> 570 6
565563 -> 571 11
565564 -> 572 21
565565 -> 573 7
565566 -> 574 107
565567 -> 575 89
500544 -> 576 5
500545 -> 577 1
500546 -> 578 2
500547 -> 579 6
500548 -> 580 15
500549 -> 581 5
500550 -> 582 4
500551 -> 583 87
500552 -> 584 42
500553 -> 585 2
500554 -> 586 2
500555 -> 587 51
500556 -> 588 12
500557 -> 589 56
500558 -> 590 5
500559 -> 591 21
500560 -> 592 3
500561 -> 593 11
500562 -> 594 33
500563 -> 595 4
500564 -> 596 9
500565 -> 597 1
500566 -> 598 4
500567 -> 599 3
500568 -> 600 3
500569 -> 601 1
500570 -> 602 1
500571 -> 603 2
500572 -> 604 3
500573 -> 605 4
500574 -> 606 1
500575 -> 607 1538
561344 -> 608 4
561345 -> 609 2
561346 -> 610 44
561347 -> 611 45
561348 -> 612 156
561349 -> 613 151
561350 -> 614 154
561351 -> 615 206
561352 -> 616 103
561353 -> 617 1071
561354 -> 618 8
561355 -> 619 10
561356 -> 620 10
561357 -> 621 3
561358 -> 622 4
561359 -> 623 8
561360 -> 624 8
561361 -> 625 14
561362 -> 626 27
561363 -> 627 16
561364 -> 628 9
561365 -> 629 4
561366 -> 630 7
561367 -> 631 11
561368 -> 632 7
561369 -> 633 5
561370 -> 634 6
561371 -> 635 6
561372 -> 636 2
561373 -> 637 2
561374 -> 638 28
561375 -> 639 1
561824 -> 640 13
561825 -> 641 14
561826 -> 642 13
561827 -> 643 10
561828 -> 644 6
561829 -> 645 4
561830 -> 646 2
561831 -> 647 2
561832 -> 648 11
561833 -> 649 41
561834 -> 650 3
561835 -> 651 13
561836 -> 652 5
561837 -> 653 1221
561838 -> 654 125
561839 -> 655 89
561840 -> 656 13
561841 -> 657 113
561842 -> 658 112
561843 -> 659 2
561844 -> 660 1
561845 -> 661 2
561846 -> 662 3
561847 -> 663 9
561848 -> 664 5
561849 -> 665 6
561850 -> 666 7
561851 -> 667 2
561852 -> 668 1
561853 -> 669 18
561854 -> 670 44
561855 -> 671 21
406720 -> 672 1
406721 -> 673 1
406722 -> 674 3
406723 -> 675 1
406724 -> 676 2
406725 -> 677 1
406726 -> 678 2
406727 -> 679 1
406728 -> 680 1
406729 -> 681 1
406730 -> 682 1
406731 -> 683 2
406732 -> 684 1
406733 -> 685 2
406734 -> 686 2
406735 -> 687 1
406736 -> 688 1
406737 -> 689 6
406738 -> 690 2482
406739 -> 691 6
406740 -> 692 4
406741 -> 693 19
406742 -> 694 7
406743 -> 695 7
406744 -> 696 6
406745 -> 697 5
406746 -> 698 6
406747 -> 699 7
406748 -> 700 6
406749 -> 701 8
406750 -> 702 6
406751 -> 703 6
501248 -> 704 3
501249 -> 705 8
501250 -> 706 1
501251 -> 707 5
501252 -> 708 3
501253 -> 709 6
501254 -> 710 5
501255 -> 711 3
501256 -> 712 3
501257 -> 713 3
501258 -> 714 2
501259 -> 715 2
501260 -> 716 1
501261 -> 717 140
501262 -> 718 134
501263 -> 719 66
501264 -> 720 95
501265 -> 721 82
501266 -> 722 68
501267 -> 723 31
501268 -> 724 95
501269 -> 725 1363
501270 -> 726 148
501271 -> 727 232
501272 -> 728 38
501273 -> 729 56
501274 -> 730 132
501275 -> 731 64
501276 -> 732 134
501277 -> 733 93
501278 -> 734 113
501279 -> 735 77
441056 -> 736 15
441057 -> 737 13
441058 -> 738 5
441059 -> 739 11
441060 -> 740 14
441061 -> 741 9
441062 -> 742 18
441063 -> 743 8
441064 -> 744 57
441065 -> 745 4
441066 -> 746 22
441067 -> 747 25
441068 -> 748 2
441069 -> 749 18
441070 -> 750 9
441071 -> 751 10
441072 -> 752 5
441073 -> 753 8
441074 -> 754 4
441075 -> 755 19
441076 -> 756 3
441077 -> 757 1831
441078 -> 758 10
441079 -> 759 3
441080 -> 760 8
441081 -> 761 5
441082 -> 762 3
441083 -> 763 5
441084 -> 764 7
441085 -> 765 3
441086 -> 766 5
441087 -> 767 4
493152 -> 768 5
493153 -> 769 4
493154 -> 770 3
493155 -> 771 2
493156 -> 772 14
493157 -> 773 3
493158 -> 774 4
493159 -> 775 11
493160 -> 776 6
493161 -> 777 7
493162 -> 778 7
493163 -> 779 6
493164 -> 780 22
493165 -> 781 26
493166 -> 782 12
493167 -> 783 7
493168 -> 784 11
493169 -> 785 5
493170 -> 786 9
493171 -> 787 7
493172 -> 788 9
493173 -> 789 13
493174 -> 790 6
493175 -> 791 841
493176 -> 792 18
493177 -> 793 13
493178 -> 794 24
493179 -> 795 21
493180 -> 796 47
493181 -> 797 11
493182 -> 798 11
493183 -> 799 10
439072 -> 800 1
439073 -> 801 1
439074 -> 802 1
439075 -> 803 1
439076 -> 804 1
439077 -> 805 1
439078 -> 806 1
439079 -> 807 1
439080 -> 808 1
439081 -> 809 7
439082 -> 810 103
439083 -> 811 1415
439084 -> 812 201
439085 -> 813 341
439086 -> 814 7
439087 -> 815 101
439088 -> 816 3
439089 -> 817 23
439090 -> 818 67
439091 -> 819 3
439092 -> 820 2
439093 -> 821 106
439094 -> 822 3
439095 -> 823 5
439096 -> 824 3
439097 -> 825 3
439098 -> 826 3
439099 -> 827 3
439100 -> 828 3
439101 -> 829 7
439102 -> 830 70
439103 -> 831 4
24000 -> 832 1
24001 -> 833 1
24002 -> 834 1
24003 -> 835 1
24004 -> 836 1
24005 -> 837 3
24006 -> 838 1
24007 -> 839 1
24008 -> 840 4
24009 -> 841 1
24010 -> 842 1
24011 -> 843 3
24012 -> 844 2
24013 -> 845 1
24014 -> 846 1
24015 -> 847 1
24016 -> 848 39
24017 -> 849 868
24018 -> 850 103
24019 -> 851 42
24020 -> 852 7
24021 -> 853 39
24022 -> 854 49
24023 -> 855 52
24024 -> 856 23
24025 -> 857 63
24026 -> 858 37
24027 -> 859 52
24028 -> 860 45
24029 -> 861 21
24030 -> 862 22
24031 -> 863 41
20928 -> 864 786
20929 -> 865 6
20930 -> 866 4
20931 -> 867 3
20932 -> 868 11
20933 -> 869 11
20934 -> 870 3
20935 -> 871 3
20936 -> 872 2
20937 -> 873 4
20938 -> 874 3
20939 -> 875 2
20940 -> 876 5
20941 -> 877 5
20942 -> 878 5
20943 -> 879 3
20944 -> 880 3
20945 -> 881 4
20946 -> 882 2
20947 -> 883 4
20948 -> 884 7
20949 -> 885 12
20950 -> 886 3
20951 -> 887 3
20952 -> 888 8
20953 -> 889 4
20954 -> 890 6
20955 -> 891 15
20956 -> 892 12
20957 -> 893 6
20958 -> 894 4
20959 -> 895 2
328576 -> 896 1
328577 -> 897 4
328578 -> 898 1
328579 -> 899 4
328580 -> 900 2
328581 -> 901 1
328582 -> 902 2
328583 -> 903 1
328584 -> 904 2
328585 -> 905 4
328586 -> 906 12
328587 -> 907 1
328588 -> 908 7
328589 -> 909 4
328590 -> 910 1
328591 -> 911 2
328592 -> 912 1
328593 -> 913 4
328594 -> 914 1
328595 -> 915 1334
328596 -> 916 113
328597 -> 917 28
328598 -> 918 49
328599 -> 919 20
328600 -> 920 46
328601 -> 921 43
328602 -> 922 22
328603 -> 923 14
328604 -> 924 54
328605 -> 925 53
328606 -> 926 8
328607 -> 927 5
324512 -> 928 59
324513 -> 929 19
324514 -> 930 52
324515 -> 931 11
324516 -> 932 27
324517 -> 933 7
324518 -> 934 10
324519 -> 935 5
324520 -> 936 24
324521 -> 937 10
324522 -> 938 29
324523 -> 939 4
324524 -> 940 21
324525 -> 941 7
324526 -> 942 4
324527 -> 943 6
324528 -> 944 2
324529 -> 945 10
324530 -> 946 7
324531 -> 947 2
324532 -> 948 3
324533 -> 949 1126
324534 -> 950 29
324535 -> 951 9
324536 -> 952 3
324537 -> 953 24
324538 -> 954 64
324539 -> 955 17
324540 -> 956 14
324541 -> 957 24
324542 -> 958 34
324543 -> 959 31
231072 -> 960 22
231073 -> 961 10
231074 -> 962 10
231075 -> 963 12
231076 -> 964 11
231077 -> 965 18
231078 -> 966 13
231079 -> 967 28
231080 -> 968 8
231081 -> 969 69
231082 -> 970 8
231083 -> 971 9
231084 -> 972 8
231085 -> 973 2
231086 -> 974 11
231087 -> 975 32
231088 -> 976 17
231089 -> 977 882
231090 -> 978 447
231091 -> 979 11
231092 -> 980 61
231093 -> 981 18
231094 -> 982 87
231095 -> 983 33
231096 -> 984 43
231097 -> 985 102
231098 -> 986 49
231099 -> 987 116
231100 -> 988 48
231101 -> 989 91
231102 -> 990 37
231103 -> 991 33
48736 -> 992 2
48737 -> 993 3
48738 -> 994 4
48739 -> 995 5
48740 -> 996 3
48741 -> 997 2
48742 -> 998 4
48743 -> 999 3
48744 -> 1000 3
48745 -> 1001 101
48746 -> 1002 93
48747 -> 1003 97
48748 -> 1004 21
48749 -> 1005 9
48750 -> 1006 27
48751 -> 1007 6
48752 -> 1008 5
48753 -> 1009 42
48754 -> 1010 30
48755 -> 1011 24
48756 -> 1012 13
48757 -> 1013 3
48758 -> 1014 76
48759 -> 1015 99
48760 -> 1016 18
48761 -> 1017 75
48762 -> 1018 4
48763 -> 1019 46
48764 -> 1020 105
48765 -> 1021 86
48766 -> 1022 782
48767 -> 1023 23
258304 -> 1024 46
258305 -> 1025 23
258306 -> 1026 14
258307 -> 1027 10
258308 -> 1028 2
258309 -> 1029 18
258310 -> 1030 43
258311 -> 1031 25
258312 -> 1032 8
258313 -> 1033 30
258314 -> 1034 3
258315 -> 1035 22
258316 -> 1036 41
258317 -> 1037 24
258318 -> 1038 19
258319 -> 1039 794
258320 -> 1040 15
258321 -> 1041 23
258322 -> 1042 19
258323 -> 1043 16
258324 -> 1044 7
258325 -> 1045 9
258326 -> 1046 6
258327 -> 1047 9
258328 -> 1048 3
258329 -> 1049 7
258330 -> 1050 8
258331 -> 1051 16
258332 -> 1052 8
258333 -> 1053 30
258334 -> 1054 5
258335 -> 1055 31
258784 -> 1056 11
258785 -> 1057 9
258786 -> 1058 8
258787 -> 1059 34
258788 -> 1060 14
258789 -> 1061 3
258790 -> 1062 9
258791 -> 1063 4
258792 -> 1064 7
258793 -> 1065 18
258794 -> 1066 42
258795 -> 1067 249
258796 -> 1068 133
258797 -> 1069 46
258798 -> 1070 110
258799 -> 1071 846
258800 -> 1072 356
258801 -> 1073 13
258802 -> 1074 42
258803 -> 1075 45
258804 -> 1076 48
258805 -> 1077 12
258806 -> 1078 22
258807 -> 1079 15
258808 -> 1080 61
258809 -> 1081 24
258810 -> 1082 49
258811 -> 1083 48
258812 -> 1084 37
258813 -> 1085 39
258814 -> 1086 66
258815 -> 1087 29
158880 -> 1088 5
158881 -> 1089 4
158882 -> 1090 4
158883 -> 1091 4
158884 -> 1092 2
158885 -> 1093 6
158886 -> 1094 4
158887 -> 1095 4
158888 -> 1096 6
158889 -> 1097 3
158890 -> 1098 8
158891 -> 1099 4
158892 -> 1100 4
158893 -> 1101 5
158894 -> 1102 3
158895 -> 1103 9
158896 -> 1104 32
158897 -> 1105 977
158898 -> 1106 24
158899 -> 1107 13
158900 -> 1108 66
158901 -> 1109 5
158902 -> 1110 4
158903 -> 1111 4
158904 -> 1112 3
158905 -> 1113 14
158906 -> 1114 7
158907 -> 1115 18
158908 -> 1116 7
158909 -> 1117 12
158910 -> 1118 5
158911 -> 1119 11
162080 -> 1120 7
162081 -> 1121 15
162082 -> 1122 9
162083 -> 1123 10
162084 -> 1124 7
162085 -> 1125 10
162086 -> 1126 7
162087 -> 1127 6
162088 -> 1128 7
162089 -> 1129 3
162090 -> 1130 5
162091 -> 1131 5
162092 -> 1132 5
162093 -> 1133 5
162094 -> 1134 5
162095 -> 1135 5
162096 -> 1136 6
162097 -> 1137 3
162098 -> 1138 3
162099 -> 1139 2
162100 -> 1140 2
162101 -> 1141 162
162102 -> 1142 924
162103 -> 1143 3
162104 -> 1144 29
162105 -> 1145 46
162106 -> 1146 3
162107 -> 1147 57
162108 -> 1148 52
162109 -> 1149 398
162110 -> 1150 108
162111 -> 1151 317
226560 -> 1152 36
226561 -> 1153 10
226562 -> 1154 45
226563 -> 1155 40
226564 -> 1156 62
226565 -> 1157 57
226566 -> 1158 6
226567 -> 1159 854
226568 -> 1160 31
226569 -> 1161 32
226570 -> 1162 26
226571 -> 1163 22
226572 -> 1164 18
226573 -> 1165 11
226574 -> 1166 18
226575 -> 1167 24
226576 -> 1168 20
226577 -> 1169 9
226578 -> 1170 7
226579 -> 1171 3
226580 -> 1172 3
226581 -> 1173 5
226582 -> 1174 3
226583 -> 1175 3
226584 -> 1176 16
226585 -> 1177 9
226586 -> 1178 3
226587 -> 1179 18
226588 -> 1180 11
226589 -> 1181 4
226590 -> 1182 31
226591 -> 1183 21
207936 -> 1184 48
207937 -> 1185 24
207938 -> 1186 8
207939 -> 1187 11
207940 -> 1188 860
207941 -> 1189 70
207942 -> 1190 16
207943 -> 1191 28
207944 -> 1192 39
207945 -> 1193 7
207946 -> 1194 28
207947 -> 1195 14
207948 -> 1196 59
207949 -> 1197 48
207950 -> 1198 12
207951 -> 1199 27
207952 -> 1200 175
207953 -> 1201 26
207954 -> 1202 46
207955 -> 1203 23
207956 -> 1204 7
207957 -> 1205 5
207958 -> 1206 5
207959 -> 1207 55
207960 -> 1208 27
207961 -> 1209 10
207962 -> 1210 53
207963 -> 1211 16
207964 -> 1212 36
207965 -> 1213 52
207966 -> 1214 47
207967 -> 1215 13
58272 -> 1216 70
58273 -> 1217 51
58274 -> 1218 26
58275 -> 1219 29
58276 -> 1220 80
58277 -> 1221 1036
58278 -> 1222 15
58279 -> 1223 15
58280 -> 1224 41
58281 -> 1225 242
58282 -> 1226 58
58283 -> 1227 80
58284 -> 1228 36
58285 -> 1229 30
58286 -> 1230 16
58287 -> 1231 21
58288 -> 1232 38
58289 -> 1233 36
58290 -> 1234 30
58291 -> 1235 41
58292 -> 1236 38
58293 -> 1237 16
58294 -> 1238 20
58295 -> 1239 4
58296 -> 1240 8
58297 -> 1241 12
58298 -> 1242 21
58299 -> 1243 82
58300 -> 1244 43
58301 -> 1245 18
58302 -> 1246 31
58303 -> 1247 17
227072 -> 1248 31
227073 -> 1249 2
227074 -> 1250 4
227075 -> 1251 4
227076 -> 1252 2
227077 -> 1253 2
227078 -> 1254 1
227079 -> 1255 1
227080 -> 1256 2
227081 -> 1257 1
227082 -> 1258 1
227083 -> 1259 14
227084 -> 1260 39
227085 -> 1261 1005
227086 -> 1262 17
227087 -> 1263 61
227088 -> 1264 56
227089 -> 1265 147
227090 -> 1266 8
227091 -> 1267 272
227092 -> 1268 124
227093 -> 1269 140
227094 -> 1270 21
227095 -> 1271 64
227096 -> 1272 37
227097 -> 1273 116
227098 -> 1274 8
227099 -> 1275 127
227100 -> 1276 8
227101 -> 1277 70
227102 -> 1278 44
227103 -> 1279 7
156768 -> 1280 1
156769 -> 1281 2
156770 -> 1282 1
156771 -> 1283 1
156772 -> 1284 1
156773 -> 1285 1
156774 -> 1286 20
156775 -> 1287 6
156776 -> 1288 154
156777 -> 1289 6
156778 -> 1290 14
156779 -> 1291 18
156780 -> 1292 112
156781 -> 1293 12
156782 -> 1294 7
156783 -> 1295 60
156784 -> 1296 50
156785 -> 1297 69
156786 -> 1298 157
156787 -> 1299 2236
156788 -> 1300 8
156789 -> 1301 31
156790 -> 1302 6
156791 -> 1303 11
156792 -> 1304 17
156793 -> 1305 28
156794 -> 1306 172
156795 -> 1307 182
156796 -> 1308 16
156797 -> 1309 215
156798 -> 1310 316
156799 -> 1311 116
221600 -> 1312 74
221601 -> 1313 1
221602 -> 1314 7
221603 -> 1315 2
221604 -> 1316 3
221605 -> 1317 38
221606 -> 1318 370
221607 -> 1319 21
221608 -> 1320 16
221609 -> 1321 2
221610 -> 1322 11
221611 -> 1323 8
221612 -> 1324 96
221613 -> 1325 5
221614 -> 1326 1704
221615 -> 1327 335
221616 -> 1328 61
221617 -> 1329 36
221618 -> 1330 145
221619 -> 1331 509
221620 -> 1332 6
221621 -> 1333 8
221622 -> 1334 14
221623 -> 1335 40
221624 -> 1336 26
221625 -> 1337 17
221626 -> 1338 6
221627 -> 1339 268
221628 -> 1340 7
221629 -> 1341 49
221630 -> 1342 15
221631 -> 1343 138
299808 -> 1344 8
299809 -> 1345 99
299810 -> 1346 5
299811 -> 1347 27
299812 -> 1348 9
299813 -> 1349 22
299814 -> 1350 4
299815 -> 1351 49
299816 -> 1352 6
299817 -> 1353 1
299818 -> 1354 11
299819 -> 1355 10
299820 -> 1356 3
299821 -> 1357 3
299822 -> 1358 145
299823 -> 1359 1943
299824 -> 1360 30
299825 -> 1361 8
299826 -> 1362 16
299827 -> 1363 7
299828 -> 1364 12
299829 -> 1365 22
299830 -> 1366 61
299831 -> 1367 41
299832 -> 1368 24
299833 -> 1369 42
299834 -> 1370 13
299835 -> 1371 13
299836 -> 1372 14
299837 -> 1373 23
299838 -> 1374 16
299839 -> 1375 8
156800 -> 1376 68
156801 -> 1377 88
156802 -> 1378 27
156803 -> 1379 39
156804 -> 1380 70
156805 -> 1381 94
156806 -> 1382 39
156807 -> 1383 224
156808 -> 1384 42
156809 -> 1385 1977
156810 -> 1386 125
156811 -> 1387 269
156812 -> 1388 121
156813 -> 1389 238
156814 -> 1390 99
156815 -> 1391 158
156816 -> 1392 19
156817 -> 1393 132
156818 -> 1394 66
156819 -> 1395 271
156820 -> 1396 22
156821 -> 1397 16
156822 -> 1398 144
156823 -> 1399 73
156824 -> 1400 56
156825 -> 1401 36
156826 -> 1402 16
156827 -> 1403 43
156828 -> 1404 51
156829 -> 1405 105
156830 -> 1406 129
156831 -> 1407 85
221728 -> 1408 20
221729 -> 1409 41
221730 -> 1410 56
221731 -> 1411 102
221732 -> 1412 28
221733 -> 1413 19
221734 -> 1414 80
221735 -> 1415 15
221736 -> 1416 76
221737 -> 1417 26
221738 -> 1418 949
221739 -> 1419 14
221740 -> 1420 36
221741 -> 1421 34
221742 -> 1422 4
221743 -> 1423 21
221744 -> 1424 2
221745 -> 1425 14
221746 -> 1426 20
221747 -> 1427 8
221748 -> 1428 545
221749 -> 1429 49
221750 -> 1430 21
221751 -> 1431 13
221752 -> 1432 56
221753 -> 1433 74
221754 -> 1434 41
221755 -> 1435 36
221756 -> 1436 16
221757 -> 1437 22
221758 -> 1438 9
221759 -> 1439 44
207104 -> 1440 40
207105 -> 1441 4
207106 -> 1442 5
207107 -> 1443 8
207108 -> 1444 16
207109 -> 1445 13
207110 -> 1446 21
207111 -> 1447 71
207112 -> 1448 68
207113 -> 1449 13
207114 -> 1450 25
207115 -> 1451 25
207116 -> 1452 6
207117 -> 1453 13
207118 -> 1454 7
207119 -> 1455 31
207120 -> 1456 13
207121 -> 1457 6
207122 -> 1458 22
207123 -> 1459 11
207124 -> 1460 14
207125 -> 1461 13
207126 -> 1462 19
207127 -> 1463 1189
207128 -> 1464 19
207129 -> 1465 53
207130 -> 1466 109
207131 -> 1467 26
207132 -> 1468 16
207133 -> 1469 59
207134 -> 1470 350
207135 -> 1471 87
156864 -> 1472 28
156865 -> 1473 9
156866 -> 1474 5
156867 -> 1475 12
156868 -> 1476 74
156869 -> 1477 137
156870 -> 1478 141
156871 -> 1479 168
156872 -> 1480 14
156873 -> 1481 43
156874 -> 1482 36
156875 -> 1483 112
156876 -> 1484 130
156877 -> 1485 15
156878 -> 1486 4
156879 -> 1487 10
156880 -> 1488 121
156881 -> 1489 44
156882 -> 1490 21
156883 -> 1491 52
156884 -> 1492 63
156885 -> 1493 110
156886 -> 1494 82
156887 -> 1495 885
156888 -> 1496 168
156889 -> 1497 24
156890 -> 1498 100
156891 -> 1499 69
156892 -> 1500 62
156893 -> 1501 106
156894 -> 1502 116
156895 -> 1503 23
157184 -> 1504 14
157185 -> 1505 3
157186 -> 1506 2
157187 -> 1507 6
157188 -> 1508 7
157189 -> 1509 7
157190 -> 1510 5
157191 -> 1511 6
157192 -> 1512 2
157193 -> 1513 7
157194 -> 1514 103
157195 -> 1515 14
157196 -> 1516 23
157197 -> 1517 29
157198 -> 1518 67
157199 -> 1519 12
157200 -> 1520 12
157201 -> 1521 7
157202 -> 1522 10
157203 -> 1523 34
157204 -> 1524 29
157205 -> 1525 49
157206 -> 1526 9
157207 -> 1527 39
157208 -> 1528 45
157209 -> 1529 9
157210 -> 1530 14
157211 -> 1531 21
157212 -> 1532 31
157213 -> 1533 24
157214 -> 1534 952
157215 -> 1535 856
202464 -> 1536 32
202465 -> 1537 26
202466 -> 1538 22
202467 -> 1539 9
202468 -> 1540 1
202469 -> 1541 8
202470 -> 1542 20
202471 -> 1543 4
202472 -> 1544 4
202473 -> 1545 11
202474 -> 1546 13
202475 -> 1547 1
202476 -> 1548 2
202477 -> 1549 1
202478 -> 1550 4
202479 -> 1551 2
202480 -> 1552 3
202481 -> 1553 2
202482 -> 1554 10
202483 -> 1555 7
202484 -> 1556 1
202485 -> 1557 1
202486 -> 1558 25
202487 -> 1559 5
202488 -> 1560 18
202489 -> 1561 130
202490 -> 1562 725
202491 -> 1563 778
202492 -> 1564 211
202493 -> 1565 209
202494 -> 1566 204
202495 -> 1567 216
157952 -> 1568 5
157953 -> 1569 9
157954 -> 1570 4
157955 -> 1571 6
157956 -> 1572 6
157957 -> 1573 9
157958 -> 1574 4
157959 -> 1575 10
157960 -> 1576 9
157961 -> 1577 4
157962 -> 1578 4
157963 -> 1579 3
157964 -> 1580 29
157965 -> 1581 3
157966 -> 1582 6
157967 -> 1583 6
157968 -> 1584 7
157969 -> 1585 5
157970 -> 1586 6
157971 -> 1587 10
157972 -> 1588 9
157973 -> 1589 7
157974 -> 1590 8
157975 -> 1591 8
157976 -> 1592 883
157977 -> 1593 36
157978 -> 1594 5
157979 -> 1595 7
157980 -> 1596 3
157981 -> 1597 7
157982 -> 1598 21
157983 -> 1599 6
149184 -> 1600 613
149185 -> 1601 112
149186 -> 1602 238
149187 -> 1603 739
149188 -> 1604 158
149189 -> 1605 257
149190 -> 1606 250
149191 -> 1607 196
149192 -> 1608 205
149193 -> 1609 166
149194 -> 1610 130
149195 -> 1611 85
149196 -> 1612 56
149197 -> 1613 22
149198 -> 1614 173
149199 -> 1615 20
149200 -> 1616 93
149201 -> 1617 97
149202 -> 1618 108
149203 -> 1619 104
149204 -> 1620 42
149205 -> 1621 32
149206 -> 1622 49
149207 -> 1623 30
149208 -> 1624 161
149209 -> 1625 51
149210 -> 1626 94
149211 -> 1627 159
149212 -> 1628 264
149213 -> 1629 230
149214 -> 1630 36
149215 -> 1631 116
149408 -> 1632 1
149409 -> 1633 1
149410 -> 1634 1
149411 -> 1635 1
149412 -> 1636 1
149413 -> 1637 1
149414 -> 1638 1
149415 -> 1639 1
149416 -> 1640 6
149417 -> 1641 105
149418 -> 1642 389
149419 -> 1643 3714
149420 -> 1644 115
149421 -> 1645 176
149422 -> 1646 219
149423 -> 1647 215
149424 -> 1648 169
149425 -> 1649 199
149426 -> 1650 5
149427 -> 1651 107
149428 -> 1652 73
149429 -> 1653 36
149430 -> 1654 14
149431 -> 1655 91
149432 -> 1656 66
149433 -> 1657 79
149434 -> 1658 255
149435 -> 1659 79
149436 -> 1660 177
149437 -> 1661 63
149438 -> 1662 86
149439 -> 1663 6
201088 -> 1664 2
201089 -> 1665 32
201090 -> 1666 7
201091 -> 1667 26
201092 -> 1668 3
201093 -> 1669 2
201094 -> 1670 182
201095 -> 1671 5
201096 -> 1672 5
201097 -> 1673 420
201098 -> 1674 1008
201099 -> 1675 21
201100 -> 1676 23
201101 -> 1677 101
201102 -> 1678 16
201103 -> 1679 27
201104 -> 1680 2
201105 -> 1681 110
201106 -> 1682 2
201107 -> 1683 298
201108 -> 1684 45
201109 -> 1685 91
201110 -> 1686 55
201111 -> 1687 111
201112 -> 1688 48
201113 -> 1689 66
201114 -> 1690 17
201115 -> 1691 26
201116 -> 1692 15
201117 -> 1693 28
201118 -> 1694 20
201119 -> 1695 18
102816 -> 1696 96
102817 -> 1697 105
102818 -> 1698 116
102819 -> 1699 52
102820 -> 1700 19
102821 -> 1701 4
102822 -> 1702 34
102823 -> 1703 34
102824 -> 1704 19
102825 -> 1705 39
102826 -> 1706 27
102827 -> 1707 49
102828 -> 1708 45
102829 -> 1709 12
102830 -> 1710 10
102831 -> 1711 11
102832 -> 1712 728
102833 -> 1713 169
102834 -> 1714 9
102835 -> 1715 25
102836 -> 1716 50
102837 -> 1717 32
102838 -> 1718 40
102839 -> 1719 7
102840 -> 1720 26
102841 -> 1721 11
102842 -> 1722 62
102843 -> 1723 80
102844 -> 1724 78
102845 -> 1725 59
102846 -> 1726 33
102847 -> 1727 46
201120 -> 1728 21
201121 -> 1729 23
201122 -> 1730 64
201123 -> 1731 16
201124 -> 1732 29
201125 -> 1733 21
201126 -> 1734 52
201127 -> 1735 113
201128 -> 1736 1318
201129 -> 1737 11
201130 -> 1738 18
201131 -> 1739 14
201132 -> 1740 20
201133 -> 1741 18
201134 -> 1742 20
201135 -> 1743 14
201136 -> 1744 4
201137 -> 1745 9
201138 -> 1746 9
201139 -> 1747 11
201140 -> 1748 6
201141 -> 1749 14
201142 -> 1750 16
201143 -> 1751 8
201144 -> 1752 6
201145 -> 1753 11
201146 -> 1754 9
201147 -> 1755 9
201148 -> 1756 6
201149 -> 1757 8
201150 -> 1758 6
201151 -> 1759 80
6624 -> 1760 38
6625 -> 1761 857
6626 -> 1762 38
6627 -> 1763 12
6628 -> 1764 10
6629 -> 1765 16
6630 -> 1766 39
6631 -> 1767 20
6632 -> 1768 12
6633 -> 1769 12
6634 -> 1770 22
6635 -> 1771 148
6636 -> 1772 53
6637 -> 1773 26
6638 -> 1774 25
6639 -> 1775 5
6640 -> 1776 33
6641 -> 1777 10
6642 -> 1778 3
6643 -> 1779 23
6644 -> 1780 17
6645 -> 1781 17
6646 -> 1782 13
6647 -> 1783 15
6648 -> 1784 27
6649 -> 1785 20
6650 -> 1786 19
6651 -> 1787 42
6652 -> 1788 26
6653 -> 1789 20
6654 -> 1790 25
6655 -> 1791 18
1792 -> 1792 13
1793 -> 1793 12
1794 -> 1794 11
1795 -> 1795 12
1796 -> 1796 11
1797 -> 1797 13
1798 -> 1798 11
1799 -> 1799 12
1800 -> 1800 12
1801 -> 1801 14
1802 -> 1802 11
1803 -> 1803 13
1804 -> 1804 12
1805 -> 1805 8
1806 -> 1806 7
1807 -> 1807 8
1808 -> 1808 10
1809 -> 1809 9
1810 -> 1810 10
1811 -> 1811 8
1812 -> 1812 7
1813 -> 1813 6
1814 -> 1814 7
1815 -> 1815 8
1816 -> 1816 7
1817 -> 1817 8
1818 -> 1818 9
1819 -> 1819 8
1820 -> 1820 9
1821 -> 1821 6
1822 -> 1822 10
1823 -> 1823 8
1824 -> 1824 10
1825 -> 1825 9
1826 -> 1826 8
1827 -> 1827 5
1828 -> 1828 4
1829 -> 1829 6
1830 -> 1830 10
1831 -> 1831 8
1832 -> 1832 8
1833 -> 1833 7
1834 -> 1834 10
1835 -> 1835 10
1836 -> 1836 9
1837 -> 1837 6
1838 -> 1838 9
1839 -> 1839 10
1840 -> 1840 6
1841 -> 1841 7
1842 -> 1842 6
1843 -> 1843 14
1844 -> 1844 8
1845 -> 1845 8
1846 -> 1846 8
1847 -> 1847 11
1848 -> 1848 4
1849 -> 1849 6
1850 -> 1850 6
1851 -> 1851 4
1852 -> 1852 2
1853 -> 1853 19
1854 -> 1854 2
1855 -> 1855 2
1856 -> 1856 3
1857 -> 1857 1
1858 -> 1858 3
1859 -> 1859 3
1860 -> 1860 4
1861 -> 1861 21
1862 -> 1862 10
1863 -> 1863 13
1864 -> 1864 12
1865 -> 1865 23
1866 -> 1866 12
1867 -> 1867 8
1868 -> 1868 4
1869 -> 1869 3
1870 -> 1870 10
1871 -> 1871 12
1872 -> 1872 13
1873 -> 1873 10
1874 -> 1874 15
1875 -> 1875 7
1876 -> 1876 11
1877 -> 1877 10
1878 -> 1878 9
1879 -> 1879 14
1880 -> 1880 9
1881 -> 1881 11
1882 -> 1882 12
1883 -> 1883 9
1884 -> 1884 9
1885 -> 1885 10
1886 -> 1886 12
1887 -> 1887 19
1888 -> 1888 19
1889 -> 1889 19
1890 -> 1890 13
1891 -> 1891 18
1892 -> 1892 4
1893 -> 1893 11
1894 -> 1894 8
1895 -> 1895 16
1896 -> 1896 8
1897 -> 1897 9
1898 -> 1898 12
1899 -> 1899 8
1900 -> 1900 9
1901 -> 1901 16
1902 -> 1902 13
1903 -> 1903 7
1904 -> 1904 10
1905 -> 1905 10
1906 -> 1906 9
1907 -> 1907 11
1908 -> 1908 10
1909 -> 1909 12
1910 -> 1910 9
1911 -> 1911 13
1912 -> 1912 11
1913 -> 1913 12
1914 -> 1914 12
1915 -> 1915 4
1916 -> 1916 4
1917 -> 1917 5
1918 -> 1918 4
1919 -> 1919 3
1920 -> 1920 4
1921 -> 1921 3
1922 -> 1922 4
1923 -> 1923 3
1924 -> 1924 2
1925 -> 1925 3
1926 -> 1926 6
1927 -> 1927 2
1928 -> 1928 2
1929 -> 1929 3
1930 -> 1930 4
1931 -> 1931 2
1932 -> 1932 3
1933 -> 1933 2
1934 -> 1934 3
1935 -> 1935 3
1936 -> 1936 4
1937 -> 1937 3
1938 -> 1938 3
1939 -> 1939 3
1940 -> 1940 2
1941 -> 1941 3
1942 -> 1942 3
1943 -> 1943 3
1944 -> 1944 3
1945 -> 1945 3
1946 -> 1946 3
1947 -> 1947 3
1948 -> 1948 2
1949 -> 1949 2
1950 -> 1950 2
1951 -> 1951 2
1952 -> 1952 5
1953 -> 1953 3
1954 -> 1954 2
1955 -> 1955 2
1956 -> 1956 2
1957 -> 1957 2
1958 -> 1958 3
1959 -> 1959 2
1960 -> 1960 3
1961 -> 1961 3
1962 -> 1962 2
1963 -> 1963 3
1964 -> 1964 3
1965 -> 1965 3
1966 -> 1966 2
1967 -> 1967 3
1968 -> 1968 2
1969 -> 1969 2
1970 -> 1970 3
1971 -> 1971 3
1972 -> 1972 3
1973 -> 1973 2
1974 -> 1974 3
1975 -> 1975 3
1976 -> 1976 3
1977 -> 1977 2
1978 -> 1978 2
1979 -> 1979 2
1980 -> 1980 3
1981 -> 1981 3
1982 -> 1982 3
1983 -> 1983 2
1984 -> 1984 3
1985 -> 1985 3
1986 -> 1986 2
1987 -> 1987 3
1988 -> 1988 2
1989 -> 1989 2
1990 -> 1990 2
1991 -> 1991 2
1992 -> 1992 3
1993 -> 1993 2
1994 -> 1994 2
1995 -> 1995 2
1996 -> 1996 3
1997 -> 1997 2
1998 -> 1998 4
1999 -> 1999 3
2000 -> 2000 3
2001 -> 2001 2
2002 -> 2002 2
2003 -> 2003 2
2004 -> 2004 4
2005 -> 2005 2
2006 -> 2006 2
2007 -> 2007 3
2008 -> 2008 2
2009 -> 2009 2
2010 -> 2010 3
2011 -> 2011 3
2012 -> 2012 3
2013 -> 2013 3
2014 -> 2014 3
2015 -> 2015 2
2016 -> 2016 3
2017 -> 2017 2
2018 -> 2018 2
2019 -> 2019 4
2020 -> 2020 3
2021 -> 2021 2
2022 -> 2022 2
2023 -> 2023 2
2024 -> 2024 2
2025 -> 2025 3
2026 -> 2026 2
2027 -> 2027 2
2028 -> 2028 3
2029 -> 2029 2
2030 -> 2030 2
2031 -> 2031 2
2032 -> 2032 3
2033 -> 2033 2
2034 -> 2034 2
2035 -> 2035 2
2036 -> 2036 2
2037 -> 2037 2
2038 -> 2038 2
2039 -> 2039 2
2040 -> 2040 2
2041 -> 2041 3
2042 -> 2042 3
2043 -> 2043 3
2044 -> 2044 3
2045 -> 2045 3
2046 -> 2046 2
2047 -> 2047 2

	iterations = 12.
	runtime [opt] = 12.746592 ms.
