Breadth-first Search by Xuhao Chen
Reading (.mtx) input file /lfs1/usrscratch/mtech/cs22m036/mtx/as-Skitter.mtx
Removing redundent edges... 0 redundent edges are removed
|V| 1696415 |E| 11095298
max_degree: 3714 source: 149419


--------------BFS OPT results for source 149419 and magic val 700-----------------
time taken for opt = 5.423104
Number of Bad Warps found = 56
0 380320 -> 1
1 276837 -> 1
2 490187 -> 1
3 87703 -> 1
4 87702 -> 1
5 276838 -> 1
6 276844 -> 1
7 439072 -> 1
8 439080 -> 1
9 439073 -> 1
10 439074 -> 1
11 439075 -> 1
12 439076 -> 1
13 439077 -> 1
14 439078 -> 1
15 439079 -> 1
16 929076 -> 1
17 929084 -> 1
18 276836 -> 2
19 509595 -> 2
20 509599 -> 2
21 490185 -> 2
22 509594 -> 2
23 380324 -> 2
24 87687 -> 2
25 87707 -> 2
26 167010 -> 2
27 167008 -> 2
28 167012 -> 2
29 167009 -> 2
30 167011 -> 2
31 87700 -> 2
32 509598 -> 2
33 509597 -> 2
34 509596 -> 2
35 270112 -> 2
36 929063 -> 2
37 929073 -> 2
38 270113 -> 2
39 929075 -> 2
40 929082 -> 2
41 509593 -> 2
42 270127 -> 2
43 439092 -> 2
44 509587 -> 2
45 441068 -> 2
46 509579 -> 2
47 509588 -> 2
48 276857 -> 3
49 276858 -> 3
50 6642 -> 3
51 380351 -> 3
52 380349 -> 3
53 380328 -> 3
54 380322 -> 3
55 87689 -> 3
56 87690 -> 3
57 87705 -> 3
58 87709 -> 3
59 87696 -> 3
60 87688 -> 3
61 87693 -> 3
62 87692 -> 3
63 87694 -> 3
64 509591 -> 3
65 509582 -> 3
66 509590 -> 3
67 509592 -> 3
68 509586 -> 3
69 441079 -> 3
70 441082 -> 3
71 441085 -> 3
72 441076 -> 3
73 929058 -> 3
74 929068 -> 3
75 928793 -> 3
76 270124 -> 3
77 929070 -> 3
78 929062 -> 3
79 929061 -> 3
80 439096 -> 3
81 439091 -> 3
82 678530 -> 3
83 678534 -> 3
84 678549 -> 3
85 678550 -> 3
86 678532 -> 3
87 678533 -> 3
88 678529 -> 3
89 678531 -> 3
90 678556 -> 3
91 678559 -> 3
92 439098 -> 3
93 439097 -> 3
94 439100 -> 3
95 439099 -> 3
96 439094 -> 3
97 439088 -> 3
98 276860 -> 3
99 276861 -> 3
100 276832 -> 3
101 276835 -> 3
102 276833 -> 3
103 490181 -> 3
104 87701 -> 3
105 87682 -> 3
106 490186 -> 3
107 87697 -> 3
108 87684 -> 3
109 929064 -> 3
110 929072 -> 3
111 929066 -> 3
112 929060 -> 3
113 276841 -> 4
114 276840 -> 4
115 87683 -> 4
116 276843 -> 4
117 87699 -> 4
118 87698 -> 4
119 87708 -> 4
120 87695 -> 4
121 490179 -> 4
122 87710 -> 4
123 167020 -> 4
124 87711 -> 4
125 87685 -> 4
126 72492 -> 4
127 380326 -> 4
128 928797 -> 4
129 928792 -> 4
130 928795 -> 4
131 270123 -> 4
132 929056 -> 4
133 928796 -> 4
134 928788 -> 4
135 928789 -> 4
136 929067 -> 4
137 509573 -> 4
138 509583 -> 4
139 509578 -> 4
140 439103 -> 4
141 441065 -> 4
142 441074 -> 4
143 509575 -> 4
144 87686 -> 4
145 929059 -> 4
146 929085 -> 4
147 441087 -> 4
148 87691 -> 4
149 167021 -> 5
150 490176 -> 5
151 276842 -> 5
152 380341 -> 5
153 490177 -> 5
154 167017 -> 5
155 6639 -> 5
156 380337 -> 5
157 276834 -> 5
158 928780 -> 5
159 928774 -> 5
160 928790 -> 5
161 928798 -> 5
162 928785 -> 5
163 928782 -> 5
164 928781 -> 5
165 929057 -> 5
166 928047 -> 5
167 929081 -> 5
168 928794 -> 5
169 380333 -> 5
170 928059 -> 5
171 928052 -> 5
172 928063 -> 5
173 928775 -> 5
174 441086 -> 5
175 441081 -> 5
176 928786 -> 5
177 928799 -> 5
178 441058 -> 5
179 441072 -> 5
180 441083 -> 5
181 678548 -> 5
182 678528 -> 5
183 439095 -> 5
184 928049 -> 5
185 928053 -> 5
186 380330 -> 5
187 380339 -> 5
188 678538 -> 6
189 678535 -> 6
190 929071 -> 6
191 929086 -> 6
192 380345 -> 6
193 380348 -> 6
194 380335 -> 6
195 928062 -> 6
196 928771 -> 6
197 928779 -> 6
198 929080 -> 6
199 928784 -> 6
200 929069 -> 6
201 928032 -> 6
202 490184 -> 6
203 276839 -> 6
204 490183 -> 6
205 490178 -> 6
206 87704 -> 6
207 380347 -> 6
208 167023 -> 6
209 167022 -> 6
210 380338 -> 6
211 678558 -> 7
212 509571 -> 7
213 441084 -> 7
214 380343 -> 7
215 380340 -> 7
216 380334 -> 7
217 380350 -> 7
218 380336 -> 7
219 380327 -> 7
220 490182 -> 7
221 928773 -> 7
222 928772 -> 7
223 928776 -> 7
224 270121 -> 7
225 929077 -> 7
226 929079 -> 7
227 929083 -> 7
228 928046 -> 7
229 678554 -> 7
230 439081 -> 7
231 678539 -> 7
232 439101 -> 7
233 439086 -> 7
234 678555 -> 7
235 928778 -> 7
236 928056 -> 7
237 928057 -> 7
238 928048 -> 7
239 928768 -> 7
240 928770 -> 7
241 380323 -> 8
242 72469 -> 8
243 490199 -> 8
244 167025 -> 8
245 928045 -> 8
246 928036 -> 8
247 678541 -> 8
248 928044 -> 8
249 928791 -> 8
250 928769 -> 8
251 928061 -> 8
252 441063 -> 8
253 380344 -> 8
254 380342 -> 8
255 380331 -> 8
256 441073 -> 8
257 441080 -> 8
258 509576 -> 8
259 509572 -> 8
260 928051 -> 8
261 928054 -> 8
262 928058 -> 8
263 928038 -> 8
264 928060 -> 8
265 380346 -> 9
266 167024 -> 9
267 490192 -> 9
268 72467 -> 9
269 72470 -> 9
270 72468 -> 9
271 380332 -> 9
272 509574 -> 9
273 678557 -> 9
274 678553 -> 9
275 678540 -> 9
276 929087 -> 9
277 928055 -> 9
278 928033 -> 9
279 928035 -> 9
280 678552 -> 9
281 441061 -> 9
282 441070 -> 9
283 72466 -> 9
284 928777 -> 10
285 441078 -> 10
286 441071 -> 10
287 509570 -> 10
288 490205 -> 10
289 72455 -> 10
290 72460 -> 10
291 72459 -> 10
292 276863 -> 10
293 276855 -> 10
294 490202 -> 10
295 490180 -> 10
296 928034 -> 10
297 928037 -> 10
298 928040 -> 10
299 270122 -> 10
300 72458 -> 10
301 6628 -> 10
302 380329 -> 10
303 72457 -> 10
304 72456 -> 10
305 72461 -> 10
306 6641 -> 10
307 441059 -> 11
308 678537 -> 11
309 928050 -> 11
310 928039 -> 11
311 928042 -> 11
312 928041 -> 11
313 270132 -> 11
314 270119 -> 11
315 276859 -> 11
316 490196 -> 11
317 490206 -> 11
318 490204 -> 11
319 72505 -> 11
320 6632 -> 12
321 6627 -> 12
322 6633 -> 12
323 490201 -> 12
324 490194 -> 12
325 490197 -> 12
326 490193 -> 12
327 270131 -> 12
328 928783 -> 12
329 270120 -> 12
330 678547 -> 12
331 678544 -> 12
332 6646 -> 13
333 167028 -> 13
334 490198 -> 13
335 72462 -> 13
336 929078 -> 13
337 441057 -> 13
338 441060 -> 14
339 490207 -> 14
340 167018 -> 14
341 72506 -> 14
342 72465 -> 14
343 270117 -> 14
344 72464 -> 14
345 72507 -> 15
346 72485 -> 15
347 72475 -> 15
348 6647 -> 15
349 490195 -> 15
350 490203 -> 15
351 72484 -> 15
352 72463 -> 15
353 678536 -> 15
354 441056 -> 15
355 167033 -> 15
356 270137 -> 15
357 72508 -> 16
358 6629 -> 16
359 270135 -> 17
360 72503 -> 17
361 6645 -> 17
362 6644 -> 17
363 441069 -> 18
364 490191 -> 18
365 490200 -> 18
366 72449 -> 18
367 6655 -> 18
368 441062 -> 18
369 678542 -> 19
370 6650 -> 19
371 72488 -> 19
372 270115 -> 19
373 509584 -> 19
374 441075 -> 19
375 6631 -> 20
376 509585 -> 20
377 270140 -> 20
378 509580 -> 20
379 929074 -> 20
380 6653 -> 20
381 6649 -> 20
382 270118 -> 22
383 509581 -> 22
384 6634 -> 22
385 72494 -> 22
386 441066 -> 22
387 6643 -> 23
388 270129 -> 23
389 439089 -> 23
390 72502 -> 23
391 270143 -> 24
392 276845 -> 24
393 490189 -> 24
394 72453 -> 24
395 167019 -> 24
396 167036 -> 24
397 72450 -> 24
398 441067 -> 25
399 72501 -> 25
400 6654 -> 25
401 6638 -> 25
402 87681 -> 26
403 509569 -> 26
404 6652 -> 26
405 72448 -> 26
406 167015 -> 26
407 6637 -> 26
408 509568 -> 27
409 72493 -> 27
410 6648 -> 27
411 72489 -> 28
412 87680 -> 28
413 276849 -> 28
414 72452 -> 29
415 72504 -> 30
416 276851 -> 31
417 72451 -> 31
418 72454 -> 32
419 276853 -> 33
420 6640 -> 33
421 276862 -> 34
422 72479 -> 34
423 276856 -> 36
424 167016 -> 36
425 678545 -> 37
426 270141 -> 37
427 6626 -> 38
428 6624 -> 38
429 72511 -> 38
430 72471 -> 39
431 6630 -> 39
432 6651 -> 42
433 270114 -> 42
434 276854 -> 43
435 509589 -> 44
436 678546 -> 46
437 167032 -> 47
438 380325 -> 49
439 72510 -> 49
440 270128 -> 50
441 270136 -> 51
442 270138 -> 52
443 72496 -> 52
444 6636 -> 53
445 270139 -> 53
446 72476 -> 54
447 270142 -> 55
448 167013 -> 56
449 167037 -> 56
450 441064 -> 57
451 270116 -> 57
452 72478 -> 60
453 678551 -> 61
454 276848 -> 64
455 72509 -> 66
456 439090 -> 67
457 72472 -> 67
458 439102 -> 70
459 72490 -> 73
460 270125 -> 75
461 270133 -> 76
462 72498 -> 77
463 167035 -> 77
464 72473 -> 87
465 72474 -> 89
466 72487 -> 89
467 270126 -> 93
468 72499 -> 99
469 439087 -> 101
470 439082 -> 103
471 167014 -> 104
472 72500 -> 105
473 439093 -> 106
474 72480 -> 108
475 276852 -> 110
476 72497 -> 122
477 167027 -> 140
478 72495 -> 144
479 6635 -> 148
480 490190 -> 152
481 167034 -> 170
482 167026 -> 174
483 72491 -> 175
484 72483 -> 190
485 439084 -> 201
486 167029 -> 220
487 167039 -> 221
488 167030 -> 224
489 72481 -> 263
490 72486 -> 276
491 270134 -> 278
492 439085 -> 341
493 167038 -> 383
494 276850 -> 530
495 72477 -> 722
496 380321 -> 723
497 276846 -> 803
498 276847 -> 812
499 6625 -> 857
500 72482 -> 894
501 87706 -> 980
502 490188 -> 1090
503 439083 -> 1415
504 509577 -> 1504
505 928787 -> 1526
506 928043 -> 1648
507 270130 -> 1720
508 167031 -> 1821
509 441077 -> 1831
510 678543 -> 1861
511 929065 -> 2131
512 519656 -> 1
513 519659 -> 1
514 519664 -> 1
515 560921 -> 1
516 560899 -> 1
517 24004 -> 1
518 24007 -> 1
519 24015 -> 1
520 24009 -> 1
521 24013 -> 1
522 24014 -> 1
523 24010 -> 1
524 565544 -> 1
525 561375 -> 1
526 561844 -> 1
527 561852 -> 1
528 24000 -> 1
529 24001 -> 1
530 24002 -> 1
531 24003 -> 1
532 24006 -> 1
533 406729 -> 1
534 406732 -> 1
535 406735 -> 1
536 328576 -> 1
537 328578 -> 1
538 328581 -> 1
539 328583 -> 1
540 328587 -> 1
541 328590 -> 1
542 328592 -> 1
543 328594 -> 1
544 406720 -> 1
545 406721 -> 1
546 406723 -> 1
547 406727 -> 1
548 406725 -> 1
549 406728 -> 1
550 501250 -> 1
551 501260 -> 1
552 500545 -> 1
553 500570 -> 1
554 500569 -> 1
555 500574 -> 1
556 500565 -> 1
557 406730 -> 1
558 406736 -> 1
559 561345 -> 2
560 541634 -> 2
561 560920 -> 2
562 619902 -> 2
563 519655 -> 2
564 561843 -> 2
565 619877 -> 2
566 619888 -> 2
567 619875 -> 2
568 519650 -> 2
569 519668 -> 2
570 519649 -> 2
571 519651 -> 2
572 519667 -> 2
573 619889 -> 2
574 619878 -> 2
575 619879 -> 2
576 406734 -> 2
577 406724 -> 2
578 406726 -> 2
579 406731 -> 2
580 406733 -> 2
581 231085 -> 2
582 561372 -> 2
583 561373 -> 2
584 561851 -> 2
585 561831 -> 2
586 561830 -> 2
587 561845 -> 2
588 565536 -> 2
589 24012 -> 2
590 565549 -> 2
591 324531 -> 2
592 20936 -> 2
593 20959 -> 2
594 324528 -> 2
595 328580 -> 2
596 328591 -> 2
597 328584 -> 2
598 328582 -> 2
599 500546 -> 2
600 500571 -> 2
601 501259 -> 2
602 500553 -> 2
603 500554 -> 2
604 501258 -> 2
605 20939 -> 2
606 20946 -> 2
607 493155 -> 2
608 565555 -> 3
609 24011 -> 3
610 561846 -> 3
611 565547 -> 3
612 24005 -> 3
613 501257 -> 3
614 20931 -> 3
615 20935 -> 3
616 20938 -> 3
617 500572 -> 3
618 493154 -> 3
619 501255 -> 3
620 500567 -> 3
621 324536 -> 3
622 324532 -> 3
623 561357 -> 3
624 560922 -> 3
625 541633 -> 3
626 541657 -> 3
627 561834 -> 3
628 619903 -> 3
629 619874 -> 3
630 519665 -> 3
631 619876 -> 3
632 560925 -> 3
633 560897 -> 3
634 560903 -> 3
635 560919 -> 3
636 519673 -> 3
637 519666 -> 3
638 541653 -> 3
639 560904 -> 3
640 406722 -> 3
641 493157 -> 3
642 501252 -> 3
643 501248 -> 3
644 501256 -> 3
645 20944 -> 3
646 500568 -> 3
647 500560 -> 3
648 20943 -> 3
649 20950 -> 3
650 20934 -> 3
651 20951 -> 3
652 519657 -> 4
653 560927 -> 4
654 560896 -> 4
655 560923 -> 4
656 619900 -> 4
657 519661 -> 4
658 561358 -> 4
659 561344 -> 4
660 565548 -> 4
661 565541 -> 4
662 565553 -> 4
663 24008 -> 4
664 561829 -> 4
665 519679 -> 4
666 619898 -> 4
667 619899 -> 4
668 541651 -> 4
669 541649 -> 4
670 519654 -> 4
671 519648 -> 4
672 328579 -> 4
673 328577 -> 4
674 328585 -> 4
675 328589 -> 4
676 328593 -> 4
677 500573 -> 4
678 500563 -> 4
679 500550 -> 4
680 500566 -> 4
681 20945 -> 4
682 20947 -> 4
683 493158 -> 4
684 20937 -> 4
685 20953 -> 4
686 20958 -> 4
687 20930 -> 4
688 406740 -> 4
689 561365 -> 4
690 541635 -> 4
691 541640 -> 4
692 324523 -> 4
693 493153 -> 4
694 324526 -> 4
695 493152 -> 5
696 20941 -> 5
697 493169 -> 5
698 500549 -> 5
699 500558 -> 5
700 406745 -> 5
701 328607 -> 5
702 20942 -> 5
703 20940 -> 5
704 565554 -> 5
705 565556 -> 5
706 541636 -> 5
707 541650 -> 5
708 519662 -> 5
709 541641 -> 5
710 519653 -> 5
711 560915 -> 5
712 541646 -> 5
713 619892 -> 5
714 561836 -> 5
715 561369 -> 5
716 561848 -> 5
717 565539 -> 5
718 565545 -> 5
719 565550 -> 5
720 501251 -> 5
721 501254 -> 5
722 500544 -> 5
723 324519 -> 5
724 565538 -> 5
725 20929 -> 6
726 493160 -> 6
727 500547 -> 6
728 406751 -> 6
729 406750 -> 6
730 406739 -> 6
731 493163 -> 6
732 501253 -> 6
733 406748 -> 6
734 406746 -> 6
735 406744 -> 6
736 541643 -> 6
737 561371 -> 6
738 619885 -> 6
739 619896 -> 6
740 619897 -> 6
741 541642 -> 6
742 565551 -> 6
743 561849 -> 6
744 493174 -> 6
745 20954 -> 6
746 20957 -> 6
747 406737 -> 6
748 324527 -> 6
749 565537 -> 6
750 561828 -> 6
751 565562 -> 6
752 561370 -> 6
753 619893 -> 6
754 560924 -> 6
755 565552 -> 7
756 561368 -> 7
757 561850 -> 7
758 619901 -> 7
759 519663 -> 7
760 561366 -> 7
761 24020 -> 7
762 565565 -> 7
763 560900 -> 7
764 560902 -> 7
765 519658 -> 7
766 541647 -> 7
767 560901 -> 7
768 328588 -> 7
769 406742 -> 7
770 406743 -> 7
771 20948 -> 7
772 406747 -> 7
773 324517 -> 7
774 324525 -> 7
775 324530 -> 7
776 541652 -> 7
777 541644 -> 7
778 541639 -> 7
779 493167 -> 7
780 493162 -> 7
781 493171 -> 7
782 493161 -> 7
783 619881 -> 8
784 20952 -> 8
785 501249 -> 8
786 231082 -> 8
787 328606 -> 8
788 565540 -> 8
789 231080 -> 8
790 231084 -> 8
791 406749 -> 8
792 561360 -> 8
793 561354 -> 8
794 561359 -> 8
795 560898 -> 9
796 519660 -> 9
797 565546 -> 9
798 561847 -> 9
799 561364 -> 9
800 493170 -> 9
801 324535 -> 9
802 500564 -> 9
803 493172 -> 9
804 231083 -> 9
805 561827 -> 10
806 561355 -> 10
807 561356 -> 10
808 619884 -> 10
809 493183 -> 10
810 324529 -> 10
811 231074 -> 10
812 231073 -> 10
813 324521 -> 10
814 324518 -> 10
815 500561 -> 11
816 493182 -> 11
817 493181 -> 11
818 20932 -> 11
819 20933 -> 11
820 231091 -> 11
821 324515 -> 11
822 231086 -> 11
823 231076 -> 11
824 493168 -> 11
825 561367 -> 11
826 565563 -> 11
827 561832 -> 11
828 493159 -> 11
829 493166 -> 12
830 20956 -> 12
831 500556 -> 12
832 328586 -> 12
833 20949 -> 12
834 231075 -> 12
835 561835 -> 13
836 541645 -> 13
837 560918 -> 13
838 493173 -> 13
839 231078 -> 13
840 493177 -> 13
841 561840 -> 13
842 561826 -> 13
843 565542 -> 13
844 561824 -> 13
845 560926 -> 13
846 561361 -> 14
847 561825 -> 14
848 328603 -> 14
849 324540 -> 14
850 619895 -> 14
851 493156 -> 14
852 20955 -> 15
853 500548 -> 15
854 619891 -> 16
855 560911 -> 16
856 561363 -> 16
857 560909 -> 16
858 324539 -> 17
859 565543 -> 17
860 619872 -> 17
861 560906 -> 17
862 560907 -> 17
863 231088 -> 17
864 541655 -> 18
865 231093 -> 18
866 493176 -> 18
867 561853 -> 18
868 231077 -> 18
869 565561 -> 19
870 519652 -> 19
871 324513 -> 19
872 406741 -> 19
873 328599 -> 20
874 619894 -> 20
875 493179 -> 21
876 541632 -> 21
877 561855 -> 21
878 500559 -> 21
879 324524 -> 21
880 565564 -> 21
881 24029 -> 21
882 24030 -> 22
883 565560 -> 22
884 328602 -> 22
885 231072 -> 22
886 493164 -> 22
887 24024 -> 23
888 324520 -> 24
889 324537 -> 24
890 493178 -> 24
891 519677 -> 24
892 560910 -> 24
893 560917 -> 24
894 324541 -> 24
895 560912 -> 25
896 519676 -> 25
897 560916 -> 26
898 519678 -> 26
899 619873 -> 26
900 493165 -> 26
901 324516 -> 27
902 619886 -> 27
903 561362 -> 27
904 231079 -> 28
905 561374 -> 28
906 541638 -> 28
907 328597 -> 28
908 619890 -> 28
909 541648 -> 29
910 324522 -> 29
911 324534 -> 29
912 541637 -> 30
913 324543 -> 31
914 501267 -> 31
915 560908 -> 32
916 231087 -> 32
917 560913 -> 32
918 231095 -> 33
919 500562 -> 33
920 231103 -> 33
921 324542 -> 34
922 24026 -> 37
923 231102 -> 37
924 501272 -> 38
925 24021 -> 39
926 24016 -> 39
927 619887 -> 40
928 561833 -> 41
929 24031 -> 41
930 24019 -> 42
931 500552 -> 42
932 328601 -> 43
933 231096 -> 43
934 541663 -> 43
935 561346 -> 44
936 561854 -> 44
937 24028 -> 45
938 561347 -> 45
939 328600 -> 46
940 493180 -> 47
941 231100 -> 48
942 328598 -> 49
943 231098 -> 49
944 24022 -> 49
945 560914 -> 50
946 500555 -> 51
947 24027 -> 52
948 324514 -> 52
949 24023 -> 52
950 328605 -> 53
951 328604 -> 54
952 501273 -> 56
953 500557 -> 56
954 541656 -> 57
955 324512 -> 59
956 231092 -> 61
957 24025 -> 63
958 501275 -> 64
959 324538 -> 64
960 501263 -> 66
961 501266 -> 68
962 619882 -> 69
963 231081 -> 69
964 541654 -> 70
965 619883 -> 70
966 501279 -> 77
967 501265 -> 82
968 565557 -> 84
969 519674 -> 85
970 231094 -> 87
971 500551 -> 87
972 565558 -> 88
973 519675 -> 89
974 561839 -> 89
975 565567 -> 89
976 231101 -> 91
977 501277 -> 93
978 501264 -> 95
979 501268 -> 95
980 519669 -> 99
981 231097 -> 102
982 24018 -> 103
983 561352 -> 103
984 565566 -> 107
985 561842 -> 112
986 328596 -> 113
987 501278 -> 113
988 561841 -> 113
989 231099 -> 116
990 561838 -> 125
991 501274 -> 132
992 501262 -> 134
993 501276 -> 134
994 501261 -> 140
995 501270 -> 148
996 541660 -> 151
997 561349 -> 151
998 561350 -> 154
999 561348 -> 156
1000 541661 -> 169
1001 541662 -> 180
1002 561351 -> 206
1003 501271 -> 232
1004 541658 -> 374
1005 519672 -> 412
1006 519671 -> 441
1007 231090 -> 447
1008 541659 -> 731
1009 20928 -> 786
1010 493175 -> 841
1011 619880 -> 861
1012 24017 -> 868
1013 231089 -> 882
1014 565559 -> 916
1015 519670 -> 961
1016 561353 -> 1071
1017 324533 -> 1126
1018 561837 -> 1221
1019 328595 -> 1334
1020 501269 -> 1363
1021 560905 -> 1399
1022 500575 -> 1538
1023 406738 -> 2482
1024 221601 -> 1
1025 227079 -> 1
1026 227081 -> 1
1027 227082 -> 1
1028 227078 -> 1
1029 299817 -> 1
1030 156770 -> 1
1031 156768 -> 1
1032 156773 -> 1
1033 156771 -> 1
1034 156772 -> 1
1035 48736 -> 2
1036 227076 -> 2
1037 48741 -> 2
1038 221609 -> 2
1039 221603 -> 2
1040 157186 -> 2
1041 162099 -> 2
1042 157192 -> 2
1043 221744 -> 2
1044 258308 -> 2
1045 158884 -> 2
1046 156769 -> 2
1047 162100 -> 2
1048 227073 -> 2
1049 227080 -> 2
1050 227077 -> 2
1051 48740 -> 3
1052 299821 -> 3
1053 299820 -> 3
1054 48743 -> 3
1055 48737 -> 3
1056 162103 -> 3
1057 158894 -> 3
1058 162098 -> 3
1059 162089 -> 3
1060 157185 -> 3
1061 221604 -> 3
1062 226586 -> 3
1063 226580 -> 3
1064 226579 -> 3
1065 258314 -> 3
1066 258328 -> 3
1067 226583 -> 3
1068 158889 -> 3
1069 162106 -> 3
1070 162097 -> 3
1071 158904 -> 3
1072 226582 -> 3
1073 258789 -> 3
1074 48757 -> 3
1075 48744 -> 3
1076 299814 -> 4
1077 258791 -> 4
1078 227074 -> 4
1079 227075 -> 4
1080 226589 -> 4
1081 158903 -> 4
1082 158883 -> 4
1083 156878 -> 4
1084 48738 -> 4
1085 221742 -> 4
1086 48762 -> 4
1087 48742 -> 4
1088 158902 -> 4
1089 158891 -> 4
1090 158892 -> 4
1091 158881 -> 4
1092 158887 -> 4
1093 158886 -> 4
1094 158882 -> 4
1095 58295 -> 4
1096 207105 -> 4
1097 226581 -> 5
1098 258334 -> 5
1099 48752 -> 5
1100 48739 -> 5
1101 299810 -> 5
1102 221613 -> 5
1103 162090 -> 5
1104 157190 -> 5
1105 156866 -> 5
1106 207106 -> 5
1107 158910 -> 5
1108 162092 -> 5
1109 158901 -> 5
1110 158880 -> 5
1111 158893 -> 5
1112 162095 -> 5
1113 162093 -> 5
1114 162091 -> 5
1115 162094 -> 5
1116 207116 -> 6
1117 157187 -> 6
1118 207121 -> 6
1119 156777 -> 6
1120 258326 -> 6
1121 48751 -> 6
1122 221620 -> 6
1123 226566 -> 6
1124 221626 -> 6
1125 156790 -> 6
1126 158885 -> 6
1127 299816 -> 6
1128 156775 -> 6
1129 158888 -> 6
1130 162087 -> 6
1131 162096 -> 6
1132 157191 -> 6
1133 158908 -> 7
1134 156782 -> 7
1135 157188 -> 7
1136 207118 -> 7
1137 157201 -> 7
1138 157193 -> 7
1139 157189 -> 7
1140 162088 -> 7
1141 299827 -> 7
1142 226578 -> 7
1143 258329 -> 7
1144 258324 -> 7
1145 221602 -> 7
1146 221628 -> 7
1147 227103 -> 7
1148 258792 -> 7
1149 162080 -> 7
1150 162084 -> 7
1151 158906 -> 7
1152 162086 -> 7
1153 299839 -> 8
1154 299808 -> 8
1155 299825 -> 8
1156 258330 -> 8
1157 258786 -> 8
1158 258332 -> 8
1159 227098 -> 8
1160 227090 -> 8
1161 258312 -> 8
1162 207107 -> 8
1163 156788 -> 8
1164 227100 -> 8
1165 221747 -> 8
1166 221611 -> 8
1167 221621 -> 8
1168 58296 -> 8
1169 158890 -> 8
1170 258785 -> 9
1171 156865 -> 9
1172 157209 -> 9
1173 157206 -> 9
1174 158895 -> 9
1175 162082 -> 9
1176 48749 -> 9
1177 299812 -> 9
1178 258327 -> 9
1179 226585 -> 9
1180 221758 -> 9
1181 226577 -> 9
1182 258790 -> 9
1183 258325 -> 9
1184 162083 -> 10
1185 162085 -> 10
1186 156879 -> 10
1187 299819 -> 10
1188 258307 -> 10
1189 226561 -> 10
1190 157202 -> 10
1191 258784 -> 11
1192 226588 -> 11
1193 226573 -> 11
1194 221610 -> 11
1195 299818 -> 11
1196 207123 -> 11
1197 158911 -> 11
1198 156791 -> 11
1199 157199 -> 12
1200 58297 -> 12
1201 156781 -> 12
1202 158909 -> 12
1203 258805 -> 12
1204 299828 -> 12
1205 156867 -> 12
1206 157200 -> 12
1207 158899 -> 13
1208 207120 -> 13
1209 207117 -> 13
1210 207113 -> 13
1211 207109 -> 13
1212 207125 -> 13
1213 299835 -> 13
1214 258801 -> 13
1215 299834 -> 13
1216 48756 -> 13
1217 221751 -> 13
1218 258788 -> 14
1219 227083 -> 14
1220 258306 -> 14
1221 221622 -> 14
1222 221745 -> 14
1223 299836 -> 14
1224 221739 -> 14
1225 156778 -> 14
1226 158905 -> 14
1227 157210 -> 14
1228 207124 -> 14
1229 156872 -> 14
1230 157195 -> 14
1231 157184 -> 14
1232 156877 -> 15
1233 221735 -> 15
1234 258320 -> 15
1235 221630 -> 15
1236 258807 -> 15
1237 58278 -> 15
1238 58279 -> 15
1239 162081 -> 15
1240 156826 -> 16
1241 207132 -> 16
1242 207108 -> 16
1243 156821 -> 16
1244 58286 -> 16
1245 299826 -> 16
1246 156796 -> 16
1247 58293 -> 16
1248 258331 -> 16
1249 226584 -> 16
1250 221608 -> 16
1251 221756 -> 16
1252 299838 -> 16
1253 258323 -> 16
1254 221625 -> 17
1255 227086 -> 17
1256 58303 -> 17
1257 156792 -> 17
1258 156779 -> 18
1259 158907 -> 18
1260 226587 -> 18
1261 58301 -> 18
1262 258793 -> 18
1263 48760 -> 18
1264 226572 -> 18
1265 258309 -> 18
1266 226574 -> 18
1267 207128 -> 19
1268 258318 -> 19
1269 221733 -> 19
1270 207126 -> 19
1271 156816 -> 19
1272 258322 -> 19
1273 226576 -> 20
1274 221746 -> 20
1275 221728 -> 20
1276 156774 -> 20
1277 58294 -> 20
1278 48748 -> 21
1279 226591 -> 21
1280 157211 -> 21
1281 207110 -> 21
1282 156882 -> 21
1283 58298 -> 21
1284 221607 -> 21
1285 221743 -> 21
1286 221750 -> 21
1287 227094 -> 21
1288 58287 -> 21
1289 258315 -> 22
1290 299813 -> 22
1291 221757 -> 22
1292 299829 -> 22
1293 258806 -> 22
1294 156820 -> 22
1295 226571 -> 22
1296 207122 -> 22
1297 299837 -> 23
1298 258321 -> 23
1299 156895 -> 23
1300 157196 -> 23
1301 48767 -> 23
1302 258305 -> 23
1303 258809 -> 24
1304 157213 -> 24
1305 158898 -> 24
1306 156889 -> 24
1307 299832 -> 24
1308 226575 -> 24
1309 258317 -> 24
1310 48755 -> 24
1311 258311 -> 25
1312 207115 -> 25
1313 207114 -> 25
1314 226570 -> 26
1315 221624 -> 26
1316 58274 -> 26
1317 207131 -> 26
1318 221737 -> 26
1319 156802 -> 27
1320 299811 -> 27
1321 48750 -> 27
1322 156793 -> 28
1323 156864 -> 28
1324 221732 -> 28
1325 162104 -> 29
1326 157204 -> 29
1327 157197 -> 29
1328 258815 -> 29
1329 58275 -> 29
1330 258313 -> 30
1331 58290 -> 30
1332 58285 -> 30
1333 299824 -> 30
1334 48754 -> 30
1335 258333 -> 30
1336 58302 -> 31
1337 156789 -> 31
1338 207119 -> 31
1339 227072 -> 31
1340 226568 -> 31
1341 226590 -> 31
1342 258335 -> 31
1343 157212 -> 31
1344 158896 -> 32
1345 226569 -> 32
1346 258787 -> 34
1347 221741 -> 34
1348 157203 -> 34
1349 156825 -> 36
1350 156874 -> 36
1351 58289 -> 36
1352 221617 -> 36
1353 58284 -> 36
1354 221755 -> 36
1355 226560 -> 36
1356 221740 -> 36
1357 258812 -> 37
1358 227096 -> 37
1359 58292 -> 38
1360 221605 -> 38
1361 58288 -> 38
1362 227084 -> 39
1363 258813 -> 39
1364 156806 -> 39
1365 157207 -> 39
1366 156803 -> 39
1367 226563 -> 40
1368 221623 -> 40
1369 207104 -> 40
1370 58280 -> 41
1371 58291 -> 41
1372 299831 -> 41
1373 221754 -> 41
1374 221729 -> 41
1375 258316 -> 41
1376 156808 -> 42
1377 48753 -> 42
1378 258794 -> 42
1379 299833 -> 42
1380 258802 -> 42
1381 58300 -> 43
1382 156827 -> 43
1383 156873 -> 43
1384 258310 -> 43
1385 156881 -> 44
1386 227102 -> 44
1387 221759 -> 44
1388 226562 -> 45
1389 258803 -> 45
1390 157208 -> 45
1391 48763 -> 46
1392 258304 -> 46
1393 258797 -> 46
1394 162105 -> 46
1395 258804 -> 48
1396 258811 -> 48
1397 157205 -> 49
1398 221749 -> 49
1399 258810 -> 49
1400 299815 -> 49
1401 221629 -> 49
1402 156784 -> 50
1403 156828 -> 51
1404 58273 -> 51
1405 162108 -> 52
1406 156883 -> 52
1407 207129 -> 53
1408 227088 -> 56
1409 221730 -> 56
1410 156824 -> 56
1411 221752 -> 56
1412 226565 -> 57
1413 162107 -> 57
1414 58282 -> 58
1415 207133 -> 59
1416 156783 -> 60
1417 227087 -> 61
1418 299830 -> 61
1419 221616 -> 61
1420 258808 -> 61
1421 156892 -> 62
1422 226564 -> 62
1423 156884 -> 63
1424 227095 -> 64
1425 258814 -> 66
1426 156818 -> 66
1427 158900 -> 66
1428 157198 -> 67
1429 156800 -> 68
1430 207112 -> 68
1431 156785 -> 69
1432 156891 -> 69
1433 156804 -> 70
1434 227101 -> 70
1435 58272 -> 70
1436 207111 -> 71
1437 156823 -> 73
1438 221600 -> 74
1439 221753 -> 74
1440 156868 -> 74
1441 48761 -> 75
1442 48758 -> 76
1443 221736 -> 76
1444 221734 -> 80
1445 58276 -> 80
1446 58283 -> 80
1447 156886 -> 82
1448 58299 -> 82
1449 156831 -> 85
1450 48765 -> 86
1451 207135 -> 87
1452 156801 -> 88
1453 48746 -> 93
1454 156805 -> 94
1455 221612 -> 96
1456 48747 -> 97
1457 299809 -> 99
1458 48759 -> 99
1459 156814 -> 99
1460 156890 -> 100
1461 48745 -> 101
1462 221731 -> 102
1463 157194 -> 103
1464 156829 -> 105
1465 48764 -> 105
1466 156893 -> 106
1467 162110 -> 108
1468 207130 -> 109
1469 156885 -> 110
1470 258798 -> 110
1471 156875 -> 112
1472 156780 -> 112
1473 156799 -> 116
1474 156894 -> 116
1475 227097 -> 116
1476 156880 -> 121
1477 156812 -> 121
1478 227092 -> 124
1479 156810 -> 125
1480 227099 -> 127
1481 156830 -> 129
1482 156876 -> 130
1483 156817 -> 132
1484 258796 -> 133
1485 156869 -> 137
1486 221631 -> 138
1487 227093 -> 140
1488 156870 -> 141
1489 156822 -> 144
1490 221618 -> 145
1491 299822 -> 145
1492 227089 -> 147
1493 156776 -> 154
1494 156786 -> 157
1495 156815 -> 158
1496 162101 -> 162
1497 156888 -> 168
1498 156871 -> 168
1499 156794 -> 172
1500 156795 -> 182
1501 156797 -> 215
1502 156807 -> 224
1503 156813 -> 238
1504 58281 -> 242
1505 258795 -> 249
1506 221627 -> 268
1507 156811 -> 269
1508 156819 -> 271
1509 227091 -> 272
1510 156798 -> 316
1511 162111 -> 317
1512 221615 -> 335
1513 207134 -> 350
1514 258800 -> 356
1515 221606 -> 370
1516 162109 -> 398
1517 221619 -> 509
1518 221748 -> 545
1519 48766 -> 782
1520 258319 -> 794
1521 258799 -> 846
1522 226567 -> 854
1523 157215 -> 856
1524 156887 -> 885
1525 162102 -> 924
1526 221738 -> 949
1527 157214 -> 952
1528 158897 -> 977
1529 227085 -> 1005
1530 58277 -> 1036
1531 207127 -> 1189
1532 221614 -> 1704
1533 299823 -> 1943
1534 156809 -> 1977
1535 156787 -> 2236
1536 202468 -> 1
1537 202477 -> 1
1538 202475 -> 1
1539 202485 -> 1
1540 202484 -> 1
1541 149413 -> 1
1542 149414 -> 1
1543 149415 -> 1
1544 149408 -> 1
1545 149409 -> 1
1546 149410 -> 1
1547 149411 -> 1
1548 149412 -> 1
1549 1857 -> 1
1550 202479 -> 2
1551 202481 -> 2
1552 201088 -> 2
1553 201093 -> 2
1554 201104 -> 2
1555 201106 -> 2
1556 1957 -> 2
1557 1966 -> 2
1558 1962 -> 2
1559 1959 -> 2
1560 1948 -> 2
1561 1940 -> 2
1562 2001 -> 2
1563 2006 -> 2
1564 2005 -> 2
1565 2009 -> 2
1566 2008 -> 2
1567 202476 -> 2
1568 2017 -> 2
1569 1989 -> 2
1570 1990 -> 2
1571 1991 -> 2
1572 1988 -> 2
1573 1995 -> 2
1574 1994 -> 2
1575 1997 -> 2
1576 1993 -> 2
1577 2003 -> 2
1578 2002 -> 2
1579 2026 -> 2
1580 2024 -> 2
1581 2027 -> 2
1582 2030 -> 2
1583 2031 -> 2
1584 2033 -> 2
1585 2018 -> 2
1586 2022 -> 2
1587 2023 -> 2
1588 2021 -> 2
1589 2029 -> 2
1590 2038 -> 2
1591 2037 -> 2
1592 2036 -> 2
1593 2035 -> 2
1594 2034 -> 2
1595 2039 -> 2
1596 2046 -> 2
1597 2040 -> 2
1598 1855 -> 2
1599 2015 -> 2
1600 1986 -> 2
1601 1854 -> 2
1602 1928 -> 2
1603 1933 -> 2
1604 1931 -> 2
1605 1949 -> 2
1606 1950 -> 2
1607 1951 -> 2
1608 1924 -> 2
1609 1927 -> 2
1610 1973 -> 2
1611 1969 -> 2
1612 1977 -> 2
1613 1979 -> 2
1614 1978 -> 2
1615 1983 -> 2
1616 1954 -> 2
1617 1968 -> 2
1618 1956 -> 2
1619 1955 -> 2
1620 2047 -> 2
1621 1852 -> 2
1622 202480 -> 3
1623 157965 -> 3
1624 201092 -> 3
1625 1944 -> 3
1626 2025 -> 3
1627 1992 -> 3
1628 1985 -> 3
1629 1984 -> 3
1630 157963 -> 3
1631 157980 -> 3
1632 1976 -> 3
1633 1980 -> 3
1634 1938 -> 3
1635 1937 -> 3
1636 1974 -> 3
1637 1972 -> 3
1638 1975 -> 3
1639 1970 -> 3
1640 1964 -> 3
1641 1960 -> 3
1642 1963 -> 3
1643 1961 -> 3
1644 1967 -> 3
1645 1965 -> 3
1646 1953 -> 3
1647 1958 -> 3
1648 1947 -> 3
1649 1971 -> 3
1650 1929 -> 3
1651 1934 -> 3
1652 1942 -> 3
1653 1941 -> 3
1654 1943 -> 3
1655 1939 -> 3
1656 1932 -> 3
1657 1945 -> 3
1658 1921 -> 3
1659 1923 -> 3
1660 1935 -> 3
1661 1925 -> 3
1662 2016 -> 3
1663 2043 -> 3
1664 1999 -> 3
1665 1996 -> 3
1666 1982 -> 3
1667 1981 -> 3
1668 1858 -> 3
1669 1856 -> 3
1670 1919 -> 3
1671 1859 -> 3
1672 1869 -> 3
1673 2020 -> 3
1674 2028 -> 3
1675 2044 -> 3
1676 2045 -> 3
1677 2032 -> 3
1678 2042 -> 3
1679 2041 -> 3
1680 1987 -> 3
1681 2012 -> 3
1682 2010 -> 3
1683 2013 -> 3
1684 2014 -> 3
1685 2007 -> 3
1686 2000 -> 3
1687 2011 -> 3
1688 1946 -> 3
1689 157962 -> 4
1690 157958 -> 4
1691 157961 -> 4
1692 157954 -> 4
1693 202471 -> 4
1694 202478 -> 4
1695 202472 -> 4
1696 102821 -> 4
1697 201136 -> 4
1698 2019 -> 4
1699 1998 -> 4
1700 1920 -> 4
1701 1922 -> 4
1702 2004 -> 4
1703 1936 -> 4
1704 1930 -> 4
1705 1916 -> 4
1706 1918 -> 4
1707 1848 -> 4
1708 1828 -> 4
1709 1851 -> 4
1710 1868 -> 4
1711 1892 -> 4
1712 1915 -> 4
1713 1860 -> 4
1714 207957 -> 5
1715 157978 -> 5
1716 202487 -> 5
1717 207958 -> 5
1718 201096 -> 5
1719 201095 -> 5
1720 157952 -> 5
1721 157969 -> 5
1722 149426 -> 5
1723 1917 -> 5
1724 1827 -> 5
1725 1952 -> 5
1726 157983 -> 6
1727 157956 -> 6
1728 201148 -> 6
1729 201144 -> 6
1730 201150 -> 6
1731 201140 -> 6
1732 1926 -> 6
1733 1849 -> 6
1734 1842 -> 6
1735 1837 -> 6
1736 1840 -> 6
1737 1821 -> 6
1738 1829 -> 6
1739 1813 -> 6
1740 1850 -> 6
1741 157966 -> 6
1742 157967 -> 6
1743 157970 -> 6
1744 149439 -> 6
1745 149416 -> 6
1746 157955 -> 6
1747 1806 -> 7
1748 1816 -> 7
1749 1833 -> 7
1750 1841 -> 7
1751 102839 -> 7
1752 157981 -> 7
1753 157979 -> 7
1754 157968 -> 7
1755 157973 -> 7
1756 1812 -> 7
1757 1903 -> 7
1758 1875 -> 7
1759 1814 -> 7
1760 202483 -> 7
1761 201090 -> 7
1762 207945 -> 7
1763 207956 -> 7
1764 201143 -> 8
1765 202469 -> 8
1766 201149 -> 8
1767 207938 -> 8
1768 1815 -> 8
1769 1867 -> 8
1770 1899 -> 8
1771 1896 -> 8
1772 157975 -> 8
1773 157974 -> 8
1774 1805 -> 8
1775 1807 -> 8
1776 1823 -> 8
1777 1817 -> 8
1778 1819 -> 8
1779 1811 -> 8
1780 1832 -> 8
1781 1846 -> 8
1782 1831 -> 8
1783 1826 -> 8
1784 1844 -> 8
1785 1845 -> 8
1786 1894 -> 8
1787 157953 -> 9
1788 102834 -> 9
1789 201147 -> 9
1790 157972 -> 9
1791 202467 -> 9
1792 1878 -> 9
1793 1880 -> 9
1794 1884 -> 9
1795 1883 -> 9
1796 1900 -> 9
1797 1838 -> 9
1798 1836 -> 9
1799 1825 -> 9
1800 1818 -> 9
1801 1809 -> 9
1802 1820 -> 9
1803 157957 -> 9
1804 157960 -> 9
1805 201146 -> 9
1806 201137 -> 9
1807 201138 -> 9
1808 1910 -> 9
1809 1906 -> 9
1810 1897 -> 9
1811 207961 -> 10
1812 157971 -> 10
1813 157959 -> 10
1814 202482 -> 10
1815 102830 -> 10
1816 1839 -> 10
1817 1835 -> 10
1818 1830 -> 10
1819 1834 -> 10
1820 1824 -> 10
1821 1904 -> 10
1822 1877 -> 10
1823 1908 -> 10
1824 1822 -> 10
1825 1808 -> 10
1826 1810 -> 10
1827 1905 -> 10
1828 1870 -> 10
1829 1885 -> 10
1830 1862 -> 10
1831 1873 -> 10
1832 1893 -> 11
1833 1798 -> 11
1834 1847 -> 11
1835 1881 -> 11
1836 1794 -> 11
1837 1907 -> 11
1838 1876 -> 11
1839 1802 -> 11
1840 202473 -> 11
1841 201145 -> 11
1842 201129 -> 11
1843 1912 -> 11
1844 1796 -> 11
1845 207939 -> 11
1846 102831 -> 11
1847 102841 -> 11
1848 201139 -> 11
1849 1866 -> 12
1850 1864 -> 12
1851 1886 -> 12
1852 1882 -> 12
1853 1799 -> 12
1854 1795 -> 12
1855 1793 -> 12
1856 1804 -> 12
1857 1800 -> 12
1858 1898 -> 12
1859 1913 -> 12
1860 207950 -> 12
1861 1871 -> 12
1862 1909 -> 12
1863 1914 -> 12
1864 102829 -> 12
1865 1890 -> 13
1866 1902 -> 13
1867 1872 -> 13
1868 1863 -> 13
1869 1911 -> 13
1870 1797 -> 13
1871 1803 -> 13
1872 207967 -> 13
1873 1792 -> 13
1874 202474 -> 13
1875 201141 -> 14
1876 201131 -> 14
1877 207947 -> 14
1878 149430 -> 14
1879 201135 -> 14
1880 1879 -> 14
1881 1843 -> 14
1882 1801 -> 14
1883 1874 -> 15
1884 201116 -> 15
1885 1895 -> 16
1886 207963 -> 16
1887 1901 -> 16
1888 201142 -> 16
1889 207942 -> 16
1890 201123 -> 16
1891 201102 -> 16
1892 201114 -> 17
1893 201130 -> 18
1894 1891 -> 18
1895 201119 -> 18
1896 201133 -> 18
1897 202488 -> 18
1898 102824 -> 19
1899 102820 -> 19
1900 1887 -> 19
1901 1889 -> 19
1902 1888 -> 19
1903 1853 -> 19
1904 202470 -> 20
1905 149199 -> 20
1906 201132 -> 20
1907 201118 -> 20
1908 201134 -> 20
1909 1861 -> 21
1910 201125 -> 21
1911 201120 -> 21
1912 157982 -> 21
1913 201099 -> 21
1914 149197 -> 22
1915 202466 -> 22
1916 1865 -> 23
1917 201100 -> 23
1918 207955 -> 23
1919 201121 -> 23
1920 207937 -> 24
1921 202486 -> 25
1922 102835 -> 25
1923 202465 -> 26
1924 207953 -> 26
1925 201091 -> 26
1926 102840 -> 26
1927 201115 -> 26
1928 102826 -> 27
1929 207951 -> 27
1930 201103 -> 27
1931 207960 -> 27
1932 201117 -> 28
1933 207946 -> 28
1934 207943 -> 28
1935 157964 -> 29
1936 201124 -> 29
1937 149207 -> 30
1938 201089 -> 32
1939 102837 -> 32
1940 202464 -> 32
1941 149205 -> 32
1942 102846 -> 33
1943 102823 -> 34
1944 102822 -> 34
1945 149429 -> 36
1946 149214 -> 36
1947 157977 -> 36
1948 207964 -> 36
1949 102825 -> 39
1950 207944 -> 39
1951 102838 -> 40
1952 149204 -> 42
1953 201108 -> 45
1954 102828 -> 45
1955 207954 -> 46
1956 102847 -> 46
1957 207966 -> 47
1958 207949 -> 48
1959 207936 -> 48
1960 201112 -> 48
1961 102827 -> 49
1962 149206 -> 49
1963 102836 -> 50
1964 149209 -> 51
1965 201126 -> 52
1966 207965 -> 52
1967 102819 -> 52
1968 207962 -> 53
1969 207959 -> 55
1970 201110 -> 55
1971 149196 -> 56
1972 207948 -> 59
1973 102845 -> 59
1974 102842 -> 62
1975 149437 -> 63
1976 201122 -> 64
1977 201113 -> 66
1978 149432 -> 66
1979 207941 -> 70
1980 149428 -> 73
1981 102844 -> 78
1982 149433 -> 79
1983 149435 -> 79
1984 102843 -> 80
1985 201151 -> 80
1986 149195 -> 85
1987 149438 -> 86
1988 201109 -> 91
1989 149431 -> 91
1990 149200 -> 93
1991 149210 -> 94
1992 102816 -> 96
1993 149201 -> 97
1994 201101 -> 101
1995 149203 -> 104
1996 149417 -> 105
1997 102817 -> 105
1998 149427 -> 107
1999 149202 -> 108
2000 201105 -> 110
2001 201111 -> 111
2002 149185 -> 112
2003 201127 -> 113
2004 149420 -> 115
2005 102818 -> 116
2006 149215 -> 116
2007 202489 -> 130
2008 149194 -> 130
2009 149188 -> 158
2010 149211 -> 159
2011 149208 -> 161
2012 149193 -> 166
2013 102833 -> 169
2014 149424 -> 169
2015 149198 -> 173
2016 207952 -> 175
2017 149421 -> 176
2018 149436 -> 177
2019 201094 -> 182
2020 149191 -> 196
2021 149425 -> 199
2022 202494 -> 204
2023 149192 -> 205
2024 202493 -> 209
2025 202492 -> 211
2026 149423 -> 215
2027 202495 -> 216
2028 149422 -> 219
2029 149213 -> 230
2030 149186 -> 238
2031 149190 -> 250
2032 149434 -> 255
2033 149189 -> 257
2034 149212 -> 264
2035 201107 -> 298
2036 149418 -> 389
2037 201097 -> 420
2038 149184 -> 613
2039 202490 -> 725
2040 102832 -> 728
2041 149187 -> 739
2042 202491 -> 778
2043 207940 -> 860
2044 157976 -> 883
2045 201098 -> 1008
2046 201128 -> 1318
2047 149419 -> 3714
6624 0 -> 0
6625 1 -> 1
6626 2 -> 1
6627 3 -> 1
6628 4 -> 1
6629 5 -> 1
6630 6 -> 1
6631 7 -> 1
6632 8 -> 1
6633 9 -> 1
6634 10 -> 1
6635 11 -> 1
6636 12 -> 1
6637 13 -> 1
6638 14 -> 1
6639 15 -> 1
6640 16 -> 1
6641 17 -> 1
6642 18 -> 1
6643 19 -> 1
6644 20 -> 1
6645 21 -> 1
6646 22 -> 1
6647 23 -> 1
6648 24 -> 1
6649 25 -> 1
6650 26 -> 1
6651 27 -> 1
6652 28 -> 1
6653 29 -> 1
6654 30 -> 1
6655 31 -> 1
20928 832 -> 16
20929 833 -> 11
20930 834 -> 7
20931 835 -> 10
20932 836 -> 11
20933 837 -> 10
20934 838 -> 4
20935 839 -> 17
20936 840 -> 14
20937 841 -> 7
20938 842 -> 15
20939 843 -> 2
20940 844 -> 13
20941 845 -> 11
20942 846 -> 2
20943 847 -> 6
20944 848 -> 7
20945 849 -> 13
20946 850 -> 13
20947 851 -> 15
20948 852 -> 15
20949 853 -> 17
20950 854 -> 17
20951 855 -> 16
20952 856 -> 14
20953 857 -> 20
20954 858 -> 16
20955 859 -> 12
20956 860 -> 21
20957 861 -> 13
20958 862 -> 18
20959 863 -> 14
24000 640 -> 2
24001 641 -> 1
24002 642 -> 6
24003 643 -> 6
24004 644 -> 2
24005 645 -> 3
24006 646 -> 2
24007 647 -> 3
24008 648 -> 4
24009 649 -> 4
24010 650 -> 6
24011 651 -> 1
24012 652 -> 2
24013 653 -> 2
24014 654 -> 2
24015 655 -> 3
24016 656 -> 3
24017 657 -> 1
24018 658 -> 2
24019 659 -> 3
24020 660 -> 3
24021 661 -> 1
24022 662 -> 3
24023 663 -> 6
24024 664 -> 2
24025 665 -> 7
24026 666 -> 7
24027 667 -> 8
24028 668 -> 3
24029 669 -> 5
24030 670 -> 3
24031 671 -> 2
48736 1216 -> 20
48737 1217 -> 14
48738 1218 -> 24
48739 1219 -> 29
48740 1220 -> 15
48741 1221 -> 26
48742 1222 -> 19
48743 1223 -> 14
48744 1224 -> 17
48745 1225 -> 54
48746 1226 -> 18
48747 1227 -> 16
48748 1228 -> 28
48749 1229 -> 23
48750 1230 -> 4
48751 1231 -> 35
48752 1232 -> 20
48753 1233 -> 16
48754 1234 -> 19
48755 1235 -> 28
48756 1236 -> 10
48757 1237 -> 19
48758 1238 -> 20
48759 1239 -> 25
48760 1240 -> 2
48761 1241 -> 12
48762 1242 -> 19
48763 1243 -> 32
48764 1244 -> 34
48765 1245 -> 41
48766 1246 -> 33
48767 1247 -> 25
58272 1280 -> 4
58273 1281 -> 8
58274 1282 -> 5
58275 1283 -> 5
58276 1284 -> 4
58277 1285 -> 4
58278 1286 -> 18
58279 1287 -> 10
58280 1288 -> 3
58281 1289 -> 4
58282 1290 -> 6
58283 1291 -> 6
58284 1292 -> 2
58285 1293 -> 5
58286 1294 -> 3
58287 1295 -> 31
58288 1296 -> 16
58289 1297 -> 24
58290 1298 -> 35
58291 1299 -> 11
58292 1300 -> 46
58293 1301 -> 53
58294 1302 -> 15
58295 1303 -> 13
58296 1304 -> 19
58297 1305 -> 17
58298 1306 -> 3
58299 1307 -> 29
58300 1308 -> 6
58301 1309 -> 19
58302 1310 -> 6
58303 1311 -> 2
72448 64 -> 1
72449 65 -> 1
72450 66 -> 1
72451 67 -> 1
72452 68 -> 1
72453 69 -> 1
72454 70 -> 1
72455 71 -> 1
72456 72 -> 1
72457 73 -> 1
72458 74 -> 1
72459 75 -> 1
72460 76 -> 1
72461 77 -> 1
72462 78 -> 1
72463 79 -> 1
72464 80 -> 1
72465 81 -> 1
72466 82 -> 1
72467 83 -> 1
72468 84 -> 1
72469 85 -> 1
72470 86 -> 1
72471 87 -> 1
72472 88 -> 1
72473 89 -> 1
72474 90 -> 1
72475 91 -> 1
72476 92 -> 1
72477 93 -> 1
72478 94 -> 1
72479 95 -> 1
72480 96 -> 1
72481 97 -> 1
72482 98 -> 1
72483 99 -> 1
72484 100 -> 1
72485 101 -> 1
72486 102 -> 1
72487 103 -> 1
72488 104 -> 1
72489 105 -> 1
72490 106 -> 1
72491 107 -> 1
72492 108 -> 1
72493 109 -> 1
72494 110 -> 1
72495 111 -> 1
72496 112 -> 1
72497 113 -> 1
72498 114 -> 1
72499 115 -> 1
72500 116 -> 1
72501 117 -> 1
72502 118 -> 1
72503 119 -> 1
72504 120 -> 1
72505 121 -> 1
72506 122 -> 1
72507 123 -> 1
72508 124 -> 1
72509 125 -> 1
72510 126 -> 1
72511 127 -> 1
87680 192 -> 1
87681 193 -> 1
87682 194 -> 1
87683 195 -> 1
87684 196 -> 1
87685 197 -> 1
87686 198 -> 1
87687 199 -> 1
87688 200 -> 1
87689 201 -> 1
87690 202 -> 1
87691 203 -> 1
87692 204 -> 1
87693 205 -> 1
87694 206 -> 1
87695 207 -> 1
87696 208 -> 1
87697 209 -> 1
87698 210 -> 1
87699 211 -> 1
87700 212 -> 1
87701 213 -> 1
87702 214 -> 1
87703 215 -> 1
87704 216 -> 1
87705 217 -> 1
87706 218 -> 1
87707 219 -> 1
87708 220 -> 1
87709 221 -> 1
87710 222 -> 1
87711 223 -> 1
102816 1760 -> 12
102817 1761 -> 12
102818 1762 -> 12
102819 1763 -> 8
102820 1764 -> 12
102821 1765 -> 11
102822 1766 -> 12
102823 1767 -> 8
102824 1768 -> 11
102825 1769 -> 10
102826 1770 -> 11
102827 1771 -> 11
102828 1772 -> 10
102829 1773 -> 10
102830 1774 -> 10
102831 1775 -> 12
102832 1776 -> 10
102833 1777 -> 11
102834 1778 -> 13
102835 1779 -> 10
102836 1780 -> 11
102837 1781 -> 8
102838 1782 -> 11
102839 1783 -> 7
102840 1784 -> 11
102841 1785 -> 12
102842 1786 -> 10
102843 1787 -> 11
102844 1788 -> 11
102845 1789 -> 12
102846 1790 -> 11
102847 1791 -> 8
149184 1600 -> 2
149185 1601 -> 4
149186 1602 -> 6
149187 1603 -> 8
149188 1604 -> 3
149189 1605 -> 3
149190 1606 -> 3
149191 1607 -> 2
149192 1608 -> 2
149193 1609 -> 2
149194 1610 -> 2
149195 1611 -> 2
149196 1612 -> 2
149197 1613 -> 10
149198 1614 -> 3
149199 1615 -> 2
149200 1616 -> 2
149201 1617 -> 2
149202 1618 -> 2
149203 1619 -> 3
149204 1620 -> 1
149205 1621 -> 4
149206 1622 -> 1
149207 1623 -> 3
149208 1624 -> 5
149209 1625 -> 2
149210 1626 -> 4
149211 1627 -> 4
149212 1628 -> 1
149213 1629 -> 2
149214 1630 -> 3
149215 1631 -> 1
149408 1632 -> 1
149409 1633 -> 4
149410 1634 -> 1
149411 1635 -> 1
149412 1636 -> 1
149413 1637 -> 1
149414 1638 -> 2
149415 1639 -> 3
149416 1640 -> 2
149417 1641 -> 3
149418 1642 -> 2
149419 1643 -> 2
149420 1644 -> 2
149421 1645 -> 2
149422 1646 -> 6
149423 1647 -> 5
149424 1648 -> 6
149425 1649 -> 5
149426 1650 -> 5
149427 1651 -> 5
149428 1652 -> 4
149429 1653 -> 4
149430 1654 -> 3
149431 1655 -> 5
149432 1656 -> 5
149433 1657 -> 4
149434 1658 -> 2
149435 1659 -> 5
149436 1660 -> 3
149437 1661 -> 14
149438 1662 -> 2
149439 1663 -> 3
156768 1376 -> 54
156769 1377 -> 22
156770 1378 -> 2
156771 1379 -> 18
156772 1380 -> 14
156773 1381 -> 4
156774 1382 -> 4
156775 1383 -> 17
156776 1384 -> 12
156777 1385 -> 17
156778 1386 -> 27
156779 1387 -> 19
156780 1388 -> 25
156781 1389 -> 25
156782 1390 -> 18
156783 1391 -> 11
156784 1392 -> 26
156785 1393 -> 22
156786 1394 -> 6
156787 1395 -> 8
156788 1396 -> 10
156789 1397 -> 10
156790 1398 -> 9
156791 1399 -> 9
156792 1400 -> 9
156793 1401 -> 8
156794 1402 -> 6
156795 1403 -> 6
156796 1404 -> 23
156797 1405 -> 7
156798 1406 -> 18
156799 1407 -> 2
156800 1408 -> 13
156801 1409 -> 4
156802 1410 -> 8
156803 1411 -> 6
156804 1412 -> 6
156805 1413 -> 11
156806 1414 -> 18
156807 1415 -> 15
156808 1416 -> 16
156809 1417 -> 18
156810 1418 -> 17
156811 1419 -> 18
156812 1420 -> 21
156813 1421 -> 23
156814 1422 -> 15
156815 1423 -> 19
156816 1424 -> 23
156817 1425 -> 26
156818 1426 -> 18
156819 1427 -> 27
156820 1428 -> 19
156821 1429 -> 24
156822 1430 -> 31
156823 1431 -> 29
156824 1432 -> 20
156825 1433 -> 17
156826 1434 -> 25
156827 1435 -> 32
156828 1436 -> 23
156829 1437 -> 31
156830 1438 -> 29
156831 1439 -> 33
156864 1440 -> 31
156865 1441 -> 18
156866 1442 -> 33
156867 1443 -> 26
156868 1444 -> 26
156869 1445 -> 20
156870 1446 -> 23
156871 1447 -> 7
156872 1448 -> 7
156873 1449 -> 6
156874 1450 -> 6
156875 1451 -> 6
156876 1452 -> 6
156877 1453 -> 19
156878 1454 -> 16
156879 1455 -> 21
156880 1456 -> 25
156881 1457 -> 21
156882 1458 -> 49
156883 1459 -> 4
156884 1460 -> 14
156885 1461 -> 13
156886 1462 -> 4
156887 1463 -> 6
156888 1464 -> 5
156889 1465 -> 5
156890 1466 -> 6
156891 1467 -> 3
156892 1468 -> 6
156893 1469 -> 6
156894 1470 -> 7
156895 1471 -> 4
157184 1504 -> 4
157185 1505 -> 3
157186 1506 -> 7
157187 1507 -> 4
157188 1508 -> 4
157189 1509 -> 2
157190 1510 -> 1
157191 1511 -> 2
157192 1512 -> 1
157193 1513 -> 6
157194 1514 -> 1
157195 1515 -> 6
157196 1516 -> 1
157197 1517 -> 3
157198 1518 -> 5
157199 1519 -> 2
157200 1520 -> 1
157201 1521 -> 2
157202 1522 -> 2
157203 1523 -> 7
157204 1524 -> 7
157205 1525 -> 5
157206 1526 -> 3
157207 1527 -> 4
157208 1528 -> 1
157209 1529 -> 5
157210 1530 -> 6
157211 1531 -> 1
157212 1532 -> 6
157213 1533 -> 4
157214 1534 -> 25
157215 1535 -> 16
157952 1568 -> 8
157953 1569 -> 9
157954 1570 -> 17
157955 1571 -> 12
157956 1572 -> 13
157957 1573 -> 12
157958 1574 -> 5
157959 1575 -> 3
157960 1576 -> 2
157961 1577 -> 3
157962 1578 -> 6
157963 1579 -> 4
157964 1580 -> 7
157965 1581 -> 5
157966 1582 -> 4
157967 1583 -> 2
157968 1584 -> 8
157969 1585 -> 2
157970 1586 -> 8
157971 1587 -> 2
157972 1588 -> 6
157973 1589 -> 3
157974 1590 -> 27
157975 1591 -> 14
157976 1592 -> 5
157977 1593 -> 16
157978 1594 -> 7
157979 1595 -> 18
157980 1596 -> 6
157981 1597 -> 3
157982 1598 -> 6
157983 1599 -> 2
158880 1344 -> 13
158881 1345 -> 19
158882 1346 -> 2
158883 1347 -> 4
158884 1348 -> 16
158885 1349 -> 8
158886 1350 -> 11
158887 1351 -> 25
158888 1352 -> 37
158889 1353 -> 14
158890 1354 -> 34
158891 1355 -> 26
158892 1356 -> 40
158893 1357 -> 3
158894 1358 -> 2
158895 1359 -> 3
158896 1360 -> 2
158897 1361 -> 2
158898 1362 -> 3
158899 1363 -> 1
158900 1364 -> 1
158901 1365 -> 1
158902 1366 -> 19
158903 1367 -> 1
158904 1368 -> 1
158905 1369 -> 30
158906 1370 -> 3
158907 1371 -> 3
158908 1372 -> 21
158909 1373 -> 4
158910 1374 -> 8
158911 1375 -> 2
162080 1312 -> 31
162081 1313 -> 22
162082 1314 -> 5
162083 1315 -> 5
162084 1316 -> 5
162085 1317 -> 1
162086 1318 -> 5
162087 1319 -> 2
162088 1320 -> 13
162089 1321 -> 5
162090 1322 -> 6
162091 1323 -> 8
162092 1324 -> 4
162093 1325 -> 17
162094 1326 -> 12
162095 1327 -> 15
162096 1328 -> 8
162097 1329 -> 6
162098 1330 -> 18
162099 1331 -> 8
162100 1332 -> 3
162101 1333 -> 4
162102 1334 -> 3
162103 1335 -> 4
162104 1336 -> 3
162105 1337 -> 26
162106 1338 -> 14
162107 1339 -> 16
162108 1340 -> 16
162109 1341 -> 16
162110 1342 -> 24
162111 1343 -> 23
167008 160 -> 1
167009 161 -> 1
167010 162 -> 1
167011 163 -> 1
167012 164 -> 1
167013 165 -> 1
167014 166 -> 1
167015 167 -> 1
167016 168 -> 1
167017 169 -> 1
167018 170 -> 1
167019 171 -> 1
167020 172 -> 1
167021 173 -> 1
167022 174 -> 1
167023 175 -> 1
167024 176 -> 1
167025 177 -> 1
167026 178 -> 1
167027 179 -> 1
167028 180 -> 1
167029 181 -> 1
167030 182 -> 1
167031 183 -> 1
167032 184 -> 1
167033 185 -> 1
167034 186 -> 1
167035 187 -> 1
167036 188 -> 1
167037 189 -> 1
167038 190 -> 1
167039 191 -> 1
201088 1664 -> 3
201089 1665 -> 3
201090 1666 -> 3
201091 1667 -> 5
201092 1668 -> 4
201093 1669 -> 11
201094 1670 -> 7
201095 1671 -> 3
201096 1672 -> 2
201097 1673 -> 6
201098 1674 -> 2
201099 1675 -> 4
201100 1676 -> 3
201101 1677 -> 3
201102 1678 -> 4
201103 1679 -> 3
201104 1680 -> 5
201105 1681 -> 1
201106 1682 -> 4
201107 1683 -> 3
201108 1684 -> 2
201109 1685 -> 1
201110 1686 -> 5
201111 1687 -> 4
201112 1688 -> 1
201113 1689 -> 2
201114 1690 -> 2
201115 1691 -> 2
201116 1692 -> 5
201117 1693 -> 15
201118 1694 -> 2
201119 1695 -> 6
201120 1696 -> 5
201121 1697 -> 13
201122 1698 -> 4
201123 1699 -> 5
201124 1700 -> 3
201125 1701 -> 3
201126 1702 -> 5
201127 1703 -> 5
201128 1704 -> 2
201129 1705 -> 5
201130 1706 -> 4
201131 1707 -> 3
201132 1708 -> 6
201133 1709 -> 4
201134 1710 -> 7
201135 1711 -> 13
201136 1712 -> 3
201137 1713 -> 6
201138 1714 -> 5
201139 1715 -> 10
201140 1716 -> 1
201141 1717 -> 4
201142 1718 -> 4
201143 1719 -> 5
201144 1720 -> 6
201145 1721 -> 8
201146 1722 -> 4
201147 1723 -> 9
201148 1724 -> 2
201149 1725 -> 21
201150 1726 -> 5
201151 1727 -> 2
202464 1536 -> 13
202465 1537 -> 17
202466 1538 -> 21
202467 1539 -> 6
202468 1540 -> 3
202469 1541 -> 3
202470 1542 -> 4
202471 1543 -> 3
202472 1544 -> 3
202473 1545 -> 47
202474 1546 -> 1
202475 1547 -> 1
202476 1548 -> 1
202477 1549 -> 5
202478 1550 -> 9
202479 1551 -> 11
202480 1552 -> 4
202481 1553 -> 3
202482 1554 -> 15
202483 1555 -> 11
202484 1556 -> 2
202485 1557 -> 21
202486 1558 -> 5
202487 1559 -> 22
202488 1560 -> 8
202489 1561 -> 25
202490 1562 -> 6
202491 1563 -> 3
202492 1564 -> 2
202493 1565 -> 2
202494 1566 -> 2
202495 1567 -> 16
207104 1472 -> 3
207105 1473 -> 5
207106 1474 -> 5
207107 1475 -> 3
207108 1476 -> 5
207109 1477 -> 4
207110 1478 -> 2
207111 1479 -> 4
207112 1480 -> 9
207113 1481 -> 5
207114 1482 -> 5
207115 1483 -> 5
207116 1484 -> 4
207117 1485 -> 3
207118 1486 -> 2
207119 1487 -> 3
207120 1488 -> 1
207121 1489 -> 6
207122 1490 -> 4
207123 1491 -> 13
207124 1492 -> 13
207125 1493 -> 7
207126 1494 -> 31
207127 1495 -> 25
207128 1496 -> 38
207129 1497 -> 20
207130 1498 -> 1
207131 1499 -> 5
207132 1500 -> 35
207133 1501 -> 6
207134 1502 -> 2
207135 1503 -> 26
207936 1728 -> 4
207937 1729 -> 1
207938 1730 -> 2
207939 1731 -> 5
207940 1732 -> 3
207941 1733 -> 2
207942 1734 -> 5
207943 1735 -> 5
207944 1736 -> 2
207945 1737 -> 3
207946 1738 -> 2
207947 1739 -> 2
207948 1740 -> 2
207949 1741 -> 6
207950 1742 -> 5
207951 1743 -> 5
207952 1744 -> 6
207953 1745 -> 9
207954 1746 -> 4
207955 1747 -> 12
207956 1748 -> 17
207957 1749 -> 2
207958 1750 -> 3
207959 1751 -> 5
207960 1752 -> 2
207961 1753 -> 8
207962 1754 -> 12
207963 1755 -> 12
207964 1756 -> 9
207965 1757 -> 11
207966 1758 -> 9
207967 1759 -> 12
221600 1024 -> 44
221601 1025 -> 12
221602 1026 -> 4
221603 1027 -> 16
221604 1028 -> 20
221605 1029 -> 28
221606 1030 -> 19
221607 1031 -> 7
221608 1032 -> 14
221609 1033 -> 7
221610 1034 -> 8
221611 1035 -> 21
221612 1036 -> 9
221613 1037 -> 23
221614 1038 -> 10
221615 1039 -> 36
221616 1040 -> 20
221617 1041 -> 9
221618 1042 -> 17
221619 1043 -> 60
221620 1044 -> 25
221621 1045 -> 46
221622 1046 -> 50
221623 1047 -> 8
221624 1048 -> 3
221625 1049 -> 6
221626 1050 -> 16
221627 1051 -> 86
221628 1052 -> 4
221629 1053 -> 1
221630 1054 -> 52
221631 1055 -> 14
221728 1056 -> 27
221729 1057 -> 4
221730 1058 -> 1
221731 1059 -> 16
221732 1060 -> 1
221733 1061 -> 12
221734 1062 -> 2
221735 1063 -> 10
221736 1064 -> 17
221737 1065 -> 11
221738 1066 -> 10
221739 1067 -> 20
221740 1068 -> 7
221741 1069 -> 8
221742 1070 -> 14
221743 1071 -> 1
221744 1072 -> 53
221745 1073 -> 29
221746 1074 -> 6
221747 1075 -> 12
221748 1076 -> 18
221749 1077 -> 13
221750 1078 -> 15
221751 1079 -> 5
221752 1080 -> 19
221753 1081 -> 10
221754 1082 -> 44
221755 1083 -> 43
221756 1084 -> 52
221757 1085 -> 8
221758 1086 -> 2
221759 1087 -> 12
226560 1120 -> 8
226561 1121 -> 141
226562 1122 -> 29
226563 1123 -> 137
226564 1124 -> 9
226565 1125 -> 43
226566 1126 -> 2
226567 1127 -> 18
226568 1128 -> 4
226569 1129 -> 3
226570 1130 -> 56
226571 1131 -> 22
226572 1132 -> 19
226573 1133 -> 28
226574 1134 -> 41
226575 1135 -> 33
226576 1136 -> 38
226577 1137 -> 28
226578 1138 -> 17
226579 1139 -> 11
226580 1140 -> 84
226581 1141 -> 132
226582 1142 -> 23
226583 1143 -> 17
226584 1144 -> 50
226585 1145 -> 117
226586 1146 -> 13
226587 1147 -> 15
226588 1148 -> 18
226589 1149 -> 50
226590 1150 -> 33
226591 1151 -> 34
227072 1184 -> 2
227073 1185 -> 3
227074 1186 -> 19
227075 1187 -> 8
227076 1188 -> 35
227077 1189 -> 12
227078 1190 -> 17
227079 1191 -> 15
227080 1192 -> 14
227081 1193 -> 60
227082 1194 -> 5
227083 1195 -> 3
227084 1196 -> 16
227085 1197 -> 43
227086 1198 -> 47
227087 1199 -> 28
227088 1200 -> 41
227089 1201 -> 43
227090 1202 -> 48
227091 1203 -> 20
227092 1204 -> 31
227093 1205 -> 16
227094 1206 -> 8
227095 1207 -> 20
227096 1208 -> 1
227097 1209 -> 25
227098 1210 -> 4
227099 1211 -> 12
227100 1212 -> 13
227101 1213 -> 29
227102 1214 -> 2
227103 1215 -> 29
231072 992 -> 35
231073 993 -> 34
231074 994 -> 22
231075 995 -> 44
231076 996 -> 4
231077 997 -> 9
231078 998 -> 7
231079 999 -> 7
231080 1000 -> 6
231081 1001 -> 7
231082 1002 -> 3
231083 1003 -> 7
231084 1004 -> 1
231085 1005 -> 9
231086 1006 -> 2
231087 1007 -> 17
231088 1008 -> 5
231089 1009 -> 3
231090 1010 -> 14
231091 1011 -> 20
231092 1012 -> 4
231093 1013 -> 30
231094 1014 -> 8
231095 1015 -> 21
231096 1016 -> 14
231097 1017 -> 4
231098 1018 -> 22
231099 1019 -> 15
231100 1020 -> 5
231101 1021 -> 36
231102 1022 -> 13
231103 1023 -> 11
258304 1088 -> 8
258305 1089 -> 16
258306 1090 -> 33
258307 1091 -> 47
258308 1092 -> 18
258309 1093 -> 13
258310 1094 -> 5
258311 1095 -> 42
258312 1096 -> 24
258313 1097 -> 27
258314 1098 -> 2
258315 1099 -> 22
258316 1100 -> 143
258317 1101 -> 20
258318 1102 -> 16
258319 1103 -> 38
258320 1104 -> 20
258321 1105 -> 24
258322 1106 -> 22
258323 1107 -> 25
258324 1108 -> 2
258325 1109 -> 3
258326 1110 -> 12
258327 1111 -> 33
258328 1112 -> 29
258329 1113 -> 10
258330 1114 -> 25
258331 1115 -> 38
258332 1116 -> 1
258333 1117 -> 1
258334 1118 -> 57
258335 1119 -> 16
258784 1152 -> 32
258785 1153 -> 18
258786 1154 -> 22
258787 1155 -> 14
258788 1156 -> 23
258789 1157 -> 45
258790 1158 -> 13
258791 1159 -> 15
258792 1160 -> 3
258793 1161 -> 3
258794 1162 -> 3
258795 1163 -> 4
258796 1164 -> 3
258797 1165 -> 4
258798 1166 -> 6
258799 1167 -> 22
258800 1168 -> 29
258801 1169 -> 18
258802 1170 -> 4
258803 1171 -> 8
258804 1172 -> 15
258805 1173 -> 14
258806 1174 -> 23
258807 1175 -> 7
258808 1176 -> 4
258809 1177 -> 36
258810 1178 -> 25
258811 1179 -> 21
258812 1180 -> 15
258813 1181 -> 41
258814 1182 -> 31
258815 1183 -> 16
270112 288 -> 1
270113 289 -> 1
270114 290 -> 1
270115 291 -> 1
270116 292 -> 1
270117 293 -> 1
270118 294 -> 1
270119 295 -> 1
270120 296 -> 1
270121 297 -> 1
270122 298 -> 3
270123 299 -> 1
270124 300 -> 1
270125 301 -> 1
270126 302 -> 1
270127 303 -> 1
270128 304 -> 1
270129 305 -> 1
270130 306 -> 1
270131 307 -> 1
270132 308 -> 1
270133 309 -> 1
270134 310 -> 1
270135 311 -> 1
270136 312 -> 1
270137 313 -> 1
270138 314 -> 1
270139 315 -> 1
270140 316 -> 1
270141 317 -> 1
270142 318 -> 1
270143 319 -> 1
276832 224 -> 1
276833 225 -> 1
276834 226 -> 1
276835 227 -> 1
276836 228 -> 1
276837 229 -> 1
276838 230 -> 1
276839 231 -> 1
276840 232 -> 1
276841 233 -> 1
276842 234 -> 1
276843 235 -> 1
276844 236 -> 1
276845 237 -> 1
276846 238 -> 1
276847 239 -> 1
276848 240 -> 1
276849 241 -> 1
276850 242 -> 1
276851 243 -> 1
276852 244 -> 1
276853 245 -> 1
276854 246 -> 1
276855 247 -> 1
276856 248 -> 1
276857 249 -> 1
276858 250 -> 2
276859 251 -> 1
276860 252 -> 1
276861 253 -> 1
276862 254 -> 1
276863 255 -> 1
299808 1248 -> 5
299809 1249 -> 18
299810 1250 -> 11
299811 1251 -> 15
299812 1252 -> 14
299813 1253 -> 15
299814 1254 -> 18
299815 1255 -> 13
299816 1256 -> 7
299817 1257 -> 12
299818 1258 -> 10
299819 1259 -> 2
299820 1260 -> 2
299821 1261 -> 2
299822 1262 -> 4
299823 1263 -> 5
299824 1264 -> 32
299825 1265 -> 16
299826 1266 -> 35
299827 1267 -> 19
299828 1268 -> 19
299829 1269 -> 23
299830 1270 -> 11
299831 1271 -> 14
299832 1272 -> 2
299833 1273 -> 8
299834 1274 -> 24
299835 1275 -> 8
299836 1276 -> 3
299837 1277 -> 5
299838 1278 -> 8
299839 1279 -> 7
324512 928 -> 68
324513 929 -> 44
324514 930 -> 31
324515 931 -> 30
324516 932 -> 33
324517 933 -> 47
324518 934 -> 22
324519 935 -> 34
324520 936 -> 34
324521 937 -> 59
324522 938 -> 30
324523 939 -> 45
324524 940 -> 41
324525 941 -> 52
324526 942 -> 52
324527 943 -> 44
324528 944 -> 53
324529 945 -> 37
324530 946 -> 37
324531 947 -> 24
324532 948 -> 59
324533 949 -> 44
324534 950 -> 49
324535 951 -> 57
324536 952 -> 53
324537 953 -> 44
324538 954 -> 44
324539 955 -> 42
324540 956 -> 42
324541 957 -> 34
324542 958 -> 34
324543 959 -> 48
328576 960 -> 32
328577 961 -> 24
328578 962 -> 58
328579 963 -> 62
328580 964 -> 31
328581 965 -> 40
328582 966 -> 51
328583 967 -> 34
328584 968 -> 45
328585 969 -> 32
328586 970 -> 56
328587 971 -> 55
328588 972 -> 31
328589 973 -> 45
328590 974 -> 33
328591 975 -> 31
328592 976 -> 39
328593 977 -> 17
328594 978 -> 2
328595 979 -> 35
328596 980 -> 35
328597 981 -> 18
328598 982 -> 37
328599 983 -> 40
328600 984 -> 15
328601 985 -> 27
328602 986 -> 43
328603 987 -> 39
328604 988 -> 16
328605 989 -> 38
328606 990 -> 41
328607 991 -> 40
380320 32 -> 1
380321 33 -> 1
380322 34 -> 1
380323 35 -> 1
380324 36 -> 1
380325 37 -> 2
380326 38 -> 2
380327 39 -> 1
380328 40 -> 1
380329 41 -> 1
380330 42 -> 3
380331 43 -> 1
380332 44 -> 1
380333 45 -> 1
380334 46 -> 1
380335 47 -> 1
380336 48 -> 1
380337 49 -> 1
380338 50 -> 1
380339 51 -> 1
380340 52 -> 1
380341 53 -> 1
380342 54 -> 1
380343 55 -> 1
380344 56 -> 1
380345 57 -> 1
380346 58 -> 3
380347 59 -> 2
380348 60 -> 1
380349 61 -> 1
380350 62 -> 1
380351 63 -> 1
406720 896 -> 21
406721 897 -> 24
406722 898 -> 21
406723 899 -> 37
406724 900 -> 52
406725 901 -> 7
406726 902 -> 47
406727 903 -> 19
406728 904 -> 25
406729 905 -> 44
406730 906 -> 8
406731 907 -> 13
406732 908 -> 10
406733 909 -> 69
406734 910 -> 16
406735 911 -> 7
406736 912 -> 44
406737 913 -> 44
406738 914 -> 60
406739 915 -> 51
406740 916 -> 50
406741 917 -> 50
406742 918 -> 27
406743 919 -> 67
406744 920 -> 39
406745 921 -> 61
406746 922 -> 24
406747 923 -> 46
406748 924 -> 34
406749 925 -> 65
406750 926 -> 49
406751 927 -> 31
439072 384 -> 1
439073 385 -> 1
439074 386 -> 1
439075 387 -> 6
439076 388 -> 1
439077 389 -> 1
439078 390 -> 1
439079 391 -> 1
439080 392 -> 1
439081 393 -> 1
439082 394 -> 1
439083 395 -> 8
439084 396 -> 8
439085 397 -> 5
439086 398 -> 5
439087 399 -> 6
439088 400 -> 1
439089 401 -> 6
439090 402 -> 5
439091 403 -> 7
439092 404 -> 1
439093 405 -> 1
439094 406 -> 1
439095 407 -> 1
439096 408 -> 1
439097 409 -> 1
439098 410 -> 1
439099 411 -> 1
439100 412 -> 1
439101 413 -> 1
439102 414 -> 1
439103 415 -> 1
441056 448 -> 1
441057 449 -> 1
441058 450 -> 1
441059 451 -> 1
441060 452 -> 1
441061 453 -> 1
441062 454 -> 1
441063 455 -> 1
441064 456 -> 1
441065 457 -> 1
441066 458 -> 1
441067 459 -> 1
441068 460 -> 1
441069 461 -> 1
441070 462 -> 1
441071 463 -> 1
441072 464 -> 1
441073 465 -> 1
441074 466 -> 5
441075 467 -> 1
441076 468 -> 1
441077 469 -> 4
441078 470 -> 5
441079 471 -> 5
441080 472 -> 1
441081 473 -> 1
441082 474 -> 1
441083 475 -> 2
441084 476 -> 5
441085 477 -> 2
441086 478 -> 5
441087 479 -> 2
490176 128 -> 1
490177 129 -> 1
490178 130 -> 1
490179 131 -> 1
490180 132 -> 1
490181 133 -> 1
490182 134 -> 1
490183 135 -> 1
490184 136 -> 1
490185 137 -> 1
490186 138 -> 1
490187 139 -> 1
490188 140 -> 1
490189 141 -> 1
490190 142 -> 1
490191 143 -> 1
490192 144 -> 1
490193 145 -> 1
490194 146 -> 1
490195 147 -> 1
490196 148 -> 1
490197 149 -> 1
490198 150 -> 1
490199 151 -> 1
490200 152 -> 1
490201 153 -> 1
490202 154 -> 1
490203 155 -> 1
490204 156 -> 1
490205 157 -> 1
490206 158 -> 1
490207 159 -> 1
493152 864 -> 23
493153 865 -> 2
493154 866 -> 24
493155 867 -> 20
493156 868 -> 16
493157 869 -> 18
493158 870 -> 20
493159 871 -> 21
493160 872 -> 17
493161 873 -> 26
493162 874 -> 31
493163 875 -> 35
493164 876 -> 11
493165 877 -> 19
493166 878 -> 8
493167 879 -> 29
493168 880 -> 38
493169 881 -> 24
493170 882 -> 39
493171 883 -> 18
493172 884 -> 15
493173 885 -> 39
493174 886 -> 12
493175 887 -> 14
493176 888 -> 8
493177 889 -> 35
493178 890 -> 37
493179 891 -> 26
493180 892 -> 28
493181 893 -> 34
493182 894 -> 30
493183 895 -> 36
500544 768 -> 6
500545 769 -> 2
500546 770 -> 2
500547 771 -> 4
500548 772 -> 1
500549 773 -> 4
500550 774 -> 5
500551 775 -> 4
500552 776 -> 9
500553 777 -> 3
500554 778 -> 2
500555 779 -> 5
500556 780 -> 1
500557 781 -> 1
500558 782 -> 1
500559 783 -> 2
500560 784 -> 4
500561 785 -> 3
500562 786 -> 1
500563 787 -> 1
500564 788 -> 1
500565 789 -> 1
500566 790 -> 1
500567 791 -> 1
500568 792 -> 5
500569 793 -> 2
500570 794 -> 1
500571 795 -> 2
500572 796 -> 2
500573 797 -> 2
500574 798 -> 2
500575 799 -> 2
501248 800 -> 4
501249 801 -> 1
501250 802 -> 1
501251 803 -> 3
501252 804 -> 4
501253 805 -> 2
501254 806 -> 1
501255 807 -> 1
501256 808 -> 2
501257 809 -> 2
501258 810 -> 2
501259 811 -> 17
501260 812 -> 1
501261 813 -> 2
501262 814 -> 2
501263 815 -> 2
501264 816 -> 2
501265 817 -> 2
501266 818 -> 2
501267 819 -> 3
501268 820 -> 2
501269 821 -> 2
501270 822 -> 2
501271 823 -> 1
501272 824 -> 7
501273 825 -> 4
501274 826 -> 6
501275 827 -> 6
501276 828 -> 2
501277 829 -> 2
501278 830 -> 2
501279 831 -> 3
509568 480 -> 1
509569 481 -> 1
509570 482 -> 1
509571 483 -> 1
509572 484 -> 1
509573 485 -> 2
509574 486 -> 1
509575 487 -> 1
509576 488 -> 1
509577 489 -> 1
509578 490 -> 1
509579 491 -> 1
509580 492 -> 1
509581 493 -> 1
509582 494 -> 1
509583 495 -> 1
509584 496 -> 1
509585 497 -> 7
509586 498 -> 1
509587 499 -> 1
509588 500 -> 1
509589 501 -> 1
509590 502 -> 1
509591 503 -> 1
509592 504 -> 1
509593 505 -> 1
509594 506 -> 1
509595 507 -> 1
509596 508 -> 1
509597 509 -> 1
509598 510 -> 1
509599 511 -> 1
519648 544 -> 5
519649 545 -> 1
519650 546 -> 1
519651 547 -> 1
519652 548 -> 1
519653 549 -> 1
519654 550 -> 1
519655 551 -> 3
519656 552 -> 1
519657 553 -> 3
519658 554 -> 4
519659 555 -> 5
519660 556 -> 6
519661 557 -> 1
519662 558 -> 2
519663 559 -> 1
519664 560 -> 1
519665 561 -> 1
519666 562 -> 1
519667 563 -> 3
519668 564 -> 5
519669 565 -> 4
519670 566 -> 1
519671 567 -> 6
519672 568 -> 7
519673 569 -> 7
519674 570 -> 2
519675 571 -> 2
519676 572 -> 3
519677 573 -> 1
519678 574 -> 11
519679 575 -> 9
541632 576 -> 5
541633 577 -> 5
541634 578 -> 1
541635 579 -> 5
541636 580 -> 5
541637 581 -> 2
541638 582 -> 3
541639 583 -> 5
541640 584 -> 1
541641 585 -> 4
541642 586 -> 3
541643 587 -> 3
541644 588 -> 4
541645 589 -> 1
541646 590 -> 4
541647 591 -> 4
541648 592 -> 2
541649 593 -> 8
541650 594 -> 7
541651 595 -> 3
541652 596 -> 5
541653 597 -> 1
541654 598 -> 4
541655 599 -> 1
541656 600 -> 3
541657 601 -> 3
541658 602 -> 1
541659 603 -> 2
541660 604 -> 3
541661 605 -> 2
541662 606 -> 1
541663 607 -> 1
560896 608 -> 1
560897 609 -> 3
560898 610 -> 1
560899 611 -> 3
560900 612 -> 2
560901 613 -> 3
560902 614 -> 2
560903 615 -> 5
560904 616 -> 3
560905 617 -> 4
560906 618 -> 3
560907 619 -> 1
560908 620 -> 8
560909 621 -> 4
560910 622 -> 1
560911 623 -> 3
560912 624 -> 5
560913 625 -> 3
560914 626 -> 2
560915 627 -> 8
560916 628 -> 8
560917 629 -> 1
560918 630 -> 2
560919 631 -> 8
560920 632 -> 4
560921 633 -> 2
560922 634 -> 1
560923 635 -> 2
560924 636 -> 4
560925 637 -> 2
560926 638 -> 2
560927 639 -> 3
561344 704 -> 3
561345 705 -> 4
561346 706 -> 3
561347 707 -> 3
561348 708 -> 1
561349 709 -> 1
561350 710 -> 2
561351 711 -> 2
561352 712 -> 6
561353 713 -> 2
561354 714 -> 2
561355 715 -> 2
561356 716 -> 1
561357 717 -> 3
561358 718 -> 2
561359 719 -> 3
561360 720 -> 2
561361 721 -> 3
561362 722 -> 1
561363 723 -> 2
561364 724 -> 2
561365 725 -> 3
561366 726 -> 3
561367 727 -> 6
561368 728 -> 1
561369 729 -> 1
561370 730 -> 1
561371 731 -> 1
561372 732 -> 5
561373 733 -> 1
561374 734 -> 1
561375 735 -> 1
561824 736 -> 1
561825 737 -> 22
561826 738 -> 2
561827 739 -> 21
561828 740 -> 3
561829 741 -> 2
561830 742 -> 2
561831 743 -> 2
561832 744 -> 2
561833 745 -> 2
561834 746 -> 1
561835 747 -> 4
561836 748 -> 8
561837 749 -> 1
561838 750 -> 2
561839 751 -> 1
561840 752 -> 1
561841 753 -> 1
561842 754 -> 1
561843 755 -> 1
561844 756 -> 1
561845 757 -> 1
561846 758 -> 1
561847 759 -> 1
561848 760 -> 2
561849 761 -> 2
561850 762 -> 1
561851 763 -> 7
561852 764 -> 12
561853 765 -> 1
561854 766 -> 12
561855 767 -> 1
565536 672 -> 3
565537 673 -> 4
565538 674 -> 5
565539 675 -> 1
565540 676 -> 11
565541 677 -> 1
565542 678 -> 2
565543 679 -> 1
565544 680 -> 3
565545 681 -> 5
565546 682 -> 1
565547 683 -> 5
565548 684 -> 8
565549 685 -> 4
565550 686 -> 4
565551 687 -> 1
565552 688 -> 7
565553 689 -> 14
565554 690 -> 1
565555 691 -> 2
565556 692 -> 3
565557 693 -> 1
565558 694 -> 5
565559 695 -> 2
565560 696 -> 3
565561 697 -> 2
565562 698 -> 2
565563 699 -> 2
565564 700 -> 1
565565 701 -> 2
565566 702 -> 2
565567 703 -> 3
619872 512 -> 1
619873 513 -> 1
619874 514 -> 1
619875 515 -> 1
619876 516 -> 1
619877 517 -> 1
619878 518 -> 4
619879 519 -> 4
619880 520 -> 1
619881 521 -> 1
619882 522 -> 1
619883 523 -> 1
619884 524 -> 4
619885 525 -> 1
619886 526 -> 11
619887 527 -> 1
619888 528 -> 1
619889 529 -> 1
619890 530 -> 1
619891 531 -> 1
619892 532 -> 1
619893 533 -> 1
619894 534 -> 4
619895 535 -> 1
619896 536 -> 1
619897 537 -> 3
619898 538 -> 1
619899 539 -> 1
619900 540 -> 1
619901 541 -> 1
619902 542 -> 1
619903 543 -> 1
678528 416 -> 1
678529 417 -> 1
678530 418 -> 1
678531 419 -> 1
678532 420 -> 1
678533 421 -> 1
678534 422 -> 1
678535 423 -> 1
678536 424 -> 1
678537 425 -> 1
678538 426 -> 1
678539 427 -> 1
678540 428 -> 1
678541 429 -> 1
678542 430 -> 1
678543 431 -> 1
678544 432 -> 1
678545 433 -> 1
678546 434 -> 1
678547 435 -> 1
678548 436 -> 1
678549 437 -> 1
678550 438 -> 1
678551 439 -> 1
678552 440 -> 1
678553 441 -> 1
678554 442 -> 1
678555 443 -> 1
678556 444 -> 1
678557 445 -> 2
678558 446 -> 1
678559 447 -> 1
928032 352 -> 1
928033 353 -> 1
928034 354 -> 1
928035 355 -> 1
928036 356 -> 3
928037 357 -> 3
928038 358 -> 1
928039 359 -> 1
928040 360 -> 1
928041 361 -> 2
928042 362 -> 6
928043 363 -> 5
928044 364 -> 4
928045 365 -> 3
928046 366 -> 1
928047 367 -> 1
928048 368 -> 1
928049 369 -> 1
928050 370 -> 1
928051 371 -> 1
928052 372 -> 1
928053 373 -> 1
928054 374 -> 1
928055 375 -> 1
928056 376 -> 1
928057 377 -> 1
928058 378 -> 1
928059 379 -> 1
928060 380 -> 1
928061 381 -> 1
928062 382 -> 1
928063 383 -> 1
928768 256 -> 1
928769 257 -> 1
928770 258 -> 1
928771 259 -> 1
928772 260 -> 1
928773 261 -> 1
928774 262 -> 1
928775 263 -> 1
928776 264 -> 1
928777 265 -> 1
928778 266 -> 1
928779 267 -> 1
928780 268 -> 1
928781 269 -> 1
928782 270 -> 1
928783 271 -> 1
928784 272 -> 1
928785 273 -> 1
928786 274 -> 1
928787 275 -> 1
928788 276 -> 1
928789 277 -> 1
928790 278 -> 1
928791 279 -> 1
928792 280 -> 1
928793 281 -> 1
928794 282 -> 1
928795 283 -> 1
928796 284 -> 1
928797 285 -> 1
928798 286 -> 1
928799 287 -> 1
929056 320 -> 1
929057 321 -> 1
929058 322 -> 1
929059 323 -> 3
929060 324 -> 1
929061 325 -> 1
929062 326 -> 1
929063 327 -> 1
929064 328 -> 1
929065 329 -> 1
929066 330 -> 1
929067 331 -> 1
929068 332 -> 1
929069 333 -> 1
929070 334 -> 1
929071 335 -> 1
929072 336 -> 1
929073 337 -> 1
929074 338 -> 1
929075 339 -> 1
929076 340 -> 1
929077 341 -> 1
929078 342 -> 1
929079 343 -> 1
929080 344 -> 1
929081 345 -> 1
929082 346 -> 1
929083 347 -> 1
929084 348 -> 1
929085 349 -> 1
929086 350 -> 1
929087 351 -> 1


	iterations = 12.
	runtime [opt] = 10.128864 ms.
Breadth-first Search by Xuhao Chen
Reading (.mtx) input file /lfs1/usrscratch/mtech/cs22m036/mtx/as-Skitter.mtx
Removing redundent edges... 0 redundent edges are removed
|V| 1696415 |E| 11095298
max_degree: 3714 source: 149419


--------------BFS OPT results for source 149419 and magic val 1000-----------------
time taken for opt = 5.601216
Number of Bad Warps found = 28
0 490187 -> 1
1 561375 -> 1
2 501250 -> 1
3 929084 -> 1
4 929076 -> 1
5 501260 -> 1
6 500569 -> 1
7 500574 -> 1
8 500545 -> 1
9 561852 -> 1
10 560899 -> 1
11 560921 -> 1
12 406732 -> 1
13 406729 -> 1
14 406736 -> 1
15 406735 -> 1
16 406728 -> 1
17 406730 -> 1
18 406723 -> 1
19 406727 -> 1
20 406725 -> 1
21 406721 -> 1
22 406720 -> 1
23 439072 -> 1
24 439080 -> 1
25 439073 -> 1
26 439074 -> 1
27 439075 -> 1
28 439076 -> 1
29 439077 -> 1
30 439078 -> 1
31 439079 -> 1
32 500565 -> 1
33 500570 -> 1
34 561844 -> 1
35 509579 -> 2
36 509594 -> 2
37 509593 -> 2
38 270127 -> 2
39 490185 -> 2
40 501259 -> 2
41 561373 -> 2
42 561372 -> 2
43 270113 -> 2
44 270112 -> 2
45 929075 -> 2
46 167010 -> 2
47 167011 -> 2
48 501258 -> 2
49 561345 -> 2
50 929063 -> 2
51 929073 -> 2
52 929082 -> 2
53 167012 -> 2
54 167008 -> 2
55 167009 -> 2
56 509596 -> 2
57 561845 -> 2
58 500554 -> 2
59 509599 -> 2
60 509587 -> 2
61 509597 -> 2
62 509598 -> 2
63 509588 -> 2
64 500553 -> 2
65 500546 -> 2
66 500571 -> 2
67 406733 -> 2
68 406726 -> 2
69 441068 -> 2
70 439092 -> 2
71 509595 -> 2
72 406734 -> 2
73 406724 -> 2
74 406731 -> 2
75 560920 -> 2
76 561851 -> 2
77 561843 -> 2
78 561830 -> 2
79 561831 -> 2
80 509590 -> 3
81 509582 -> 3
82 509591 -> 3
83 439099 -> 3
84 439097 -> 3
85 509586 -> 3
86 509592 -> 3
87 406722 -> 3
88 928793 -> 3
89 929066 -> 3
90 929062 -> 3
91 929072 -> 3
92 929058 -> 3
93 270124 -> 3
94 490181 -> 3
95 490186 -> 3
96 929060 -> 3
97 929070 -> 3
98 501256 -> 3
99 501255 -> 3
100 561357 -> 3
101 501248 -> 3
102 501252 -> 3
103 501257 -> 3
104 929064 -> 3
105 929061 -> 3
106 929068 -> 3
107 441085 -> 3
108 441076 -> 3
109 441079 -> 3
110 439096 -> 3
111 439091 -> 3
112 439100 -> 3
113 439088 -> 3
114 439094 -> 3
115 678530 -> 3
116 678556 -> 3
117 678550 -> 3
118 678559 -> 3
119 678534 -> 3
120 560922 -> 3
121 560904 -> 3
122 561846 -> 3
123 560919 -> 3
124 560925 -> 3
125 560897 -> 3
126 560903 -> 3
127 561834 -> 3
128 678549 -> 3
129 678531 -> 3
130 500568 -> 3
131 500560 -> 3
132 500567 -> 3
133 500572 -> 3
134 678532 -> 3
135 678533 -> 3
136 678529 -> 3
137 439098 -> 3
138 441082 -> 3
139 490179 -> 4
140 928796 -> 4
141 928792 -> 4
142 928788 -> 4
143 509583 -> 4
144 560927 -> 4
145 509578 -> 4
146 509575 -> 4
147 509573 -> 4
148 406740 -> 4
149 441065 -> 4
150 441074 -> 4
151 441087 -> 4
152 439103 -> 4
153 500550 -> 4
154 560923 -> 4
155 561829 -> 4
156 560896 -> 4
157 500566 -> 4
158 500563 -> 4
159 500573 -> 4
160 928789 -> 4
161 561365 -> 4
162 929067 -> 4
163 561344 -> 4
164 929059 -> 4
165 929085 -> 4
166 561358 -> 4
167 929056 -> 4
168 167020 -> 4
169 928795 -> 4
170 928797 -> 4
171 270123 -> 4
172 441058 -> 5
173 406745 -> 5
174 441083 -> 5
175 441072 -> 5
176 561848 -> 5
177 678528 -> 5
178 500549 -> 5
179 500544 -> 5
180 678548 -> 5
181 500558 -> 5
182 561836 -> 5
183 560915 -> 5
184 439095 -> 5
185 441081 -> 5
186 441086 -> 5
187 928774 -> 5
188 928790 -> 5
189 928799 -> 5
190 928780 -> 5
191 928798 -> 5
192 928047 -> 5
193 928053 -> 5
194 928059 -> 5
195 928052 -> 5
196 501251 -> 5
197 501254 -> 5
198 928785 -> 5
199 928786 -> 5
200 928794 -> 5
201 928775 -> 5
202 490176 -> 5
203 490177 -> 5
204 928049 -> 5
205 928063 -> 5
206 928781 -> 5
207 561369 -> 5
208 929057 -> 5
209 167017 -> 5
210 167021 -> 5
211 929081 -> 5
212 928782 -> 5
213 928771 -> 6
214 167023 -> 6
215 928779 -> 6
216 929071 -> 6
217 501253 -> 6
218 561370 -> 6
219 561371 -> 6
220 929080 -> 6
221 929069 -> 6
222 929086 -> 6
223 167022 -> 6
224 490184 -> 6
225 490178 -> 6
226 490183 -> 6
227 928784 -> 6
228 928062 -> 6
229 928032 -> 6
230 406746 -> 6
231 406737 -> 6
232 406751 -> 6
233 561849 -> 6
234 560924 -> 6
235 561828 -> 6
236 678538 -> 6
237 500547 -> 6
238 678535 -> 6
239 406744 -> 6
240 406739 -> 6
241 406748 -> 6
242 406750 -> 6
243 928046 -> 7
244 928056 -> 7
245 928057 -> 7
246 929079 -> 7
247 561366 -> 7
248 270121 -> 7
249 929083 -> 7
250 561368 -> 7
251 929077 -> 7
252 928772 -> 7
253 928773 -> 7
254 928768 -> 7
255 490182 -> 7
256 439086 -> 7
257 441084 -> 7
258 560902 -> 7
259 678554 -> 7
260 561850 -> 7
261 560900 -> 7
262 560901 -> 7
263 678539 -> 7
264 678558 -> 7
265 678555 -> 7
266 509571 -> 7
267 439101 -> 7
268 439081 -> 7
269 406742 -> 7
270 406743 -> 7
271 406747 -> 7
272 928778 -> 7
273 928770 -> 7
274 928776 -> 7
275 928048 -> 7
276 561359 -> 8
277 928054 -> 8
278 928769 -> 8
279 928051 -> 8
280 928044 -> 8
281 490199 -> 8
282 928060 -> 8
283 928061 -> 8
284 441080 -> 8
285 509576 -> 8
286 406749 -> 8
287 678541 -> 8
288 441073 -> 8
289 441063 -> 8
290 509572 -> 8
291 928791 -> 8
292 561360 -> 8
293 561354 -> 8
294 167025 -> 8
295 501249 -> 8
296 928058 -> 8
297 928045 -> 8
298 928036 -> 8
299 928038 -> 8
300 928035 -> 9
301 929087 -> 9
302 561364 -> 9
303 167024 -> 9
304 560898 -> 9
305 561847 -> 9
306 441070 -> 9
307 509574 -> 9
308 678553 -> 9
309 500564 -> 9
310 678540 -> 9
311 441061 -> 9
312 490192 -> 9
313 928055 -> 9
314 678552 -> 9
315 678557 -> 9
316 928033 -> 9
317 928037 -> 10
318 561356 -> 10
319 928034 -> 10
320 509570 -> 10
321 441078 -> 10
322 928040 -> 10
323 270122 -> 10
324 490202 -> 10
325 490205 -> 10
326 490180 -> 10
327 561355 -> 10
328 928777 -> 10
329 561827 -> 10
330 441071 -> 10
331 270132 -> 11
332 500561 -> 11
333 441059 -> 11
334 561832 -> 11
335 678537 -> 11
336 270119 -> 11
337 490196 -> 11
338 561367 -> 11
339 490206 -> 11
340 928041 -> 11
341 928042 -> 11
342 928050 -> 11
343 928039 -> 11
344 490204 -> 11
345 500556 -> 12
346 678544 -> 12
347 270131 -> 12
348 490194 -> 12
349 490197 -> 12
350 928783 -> 12
351 678547 -> 12
352 490193 -> 12
353 490201 -> 12
354 270120 -> 12
355 561835 -> 13
356 441057 -> 13
357 561840 -> 13
358 561826 -> 13
359 561824 -> 13
360 560918 -> 13
361 560926 -> 13
362 490198 -> 13
363 929078 -> 13
364 167028 -> 13
365 490207 -> 14
366 270117 -> 14
367 167018 -> 14
368 561361 -> 14
369 441060 -> 14
370 561825 -> 14
371 167033 -> 15
372 270137 -> 15
373 678536 -> 15
374 490203 -> 15
375 490195 -> 15
376 500548 -> 15
377 441056 -> 15
378 560911 -> 16
379 560909 -> 16
380 561363 -> 16
381 560907 -> 17
382 270135 -> 17
383 560906 -> 17
384 490191 -> 18
385 441069 -> 18
386 561853 -> 18
387 490200 -> 18
388 441062 -> 18
389 441075 -> 19
390 509584 -> 19
391 406741 -> 19
392 678542 -> 19
393 270115 -> 19
394 270140 -> 20
395 929074 -> 20
396 509580 -> 20
397 509585 -> 20
398 500559 -> 21
399 561855 -> 21
400 270118 -> 22
401 441066 -> 22
402 509581 -> 22
403 439089 -> 23
404 270129 -> 23
405 490189 -> 24
406 167036 -> 24
407 560917 -> 24
408 560910 -> 24
409 270143 -> 24
410 167019 -> 24
411 441067 -> 25
412 560912 -> 25
413 509569 -> 26
414 167015 -> 26
415 560916 -> 26
416 509568 -> 27
417 561362 -> 27
418 561374 -> 28
419 501267 -> 31
420 560908 -> 32
421 560913 -> 32
422 500562 -> 33
423 167016 -> 36
424 678545 -> 37
425 270141 -> 37
426 501272 -> 38
427 561833 -> 41
428 500552 -> 42
429 270114 -> 42
430 561346 -> 44
431 561854 -> 44
432 509589 -> 44
433 561347 -> 45
434 678546 -> 46
435 167032 -> 47
436 560914 -> 50
437 270128 -> 50
438 270136 -> 51
439 500555 -> 51
440 270138 -> 52
441 270139 -> 53
442 270142 -> 55
443 501273 -> 56
444 167013 -> 56
445 167037 -> 56
446 500557 -> 56
447 441064 -> 57
448 270116 -> 57
449 678551 -> 61
450 501275 -> 64
451 501263 -> 66
452 439090 -> 67
453 501266 -> 68
454 439102 -> 70
455 270125 -> 75
456 270133 -> 76
457 167035 -> 77
458 501279 -> 77
459 501265 -> 82
460 500551 -> 87
461 561839 -> 89
462 501277 -> 93
463 270126 -> 93
464 501268 -> 95
465 501264 -> 95
466 439087 -> 101
467 561352 -> 103
468 439082 -> 103
469 167014 -> 104
470 439093 -> 106
471 561842 -> 112
472 501278 -> 113
473 561841 -> 113
474 561838 -> 125
475 501274 -> 132
476 501276 -> 134
477 501262 -> 134
478 501261 -> 140
479 167027 -> 140
480 501270 -> 148
481 561349 -> 151
482 490190 -> 152
483 561350 -> 154
484 561348 -> 156
485 167034 -> 170
486 167026 -> 174
487 439084 -> 201
488 561351 -> 206
489 167029 -> 220
490 167039 -> 221
491 167030 -> 224
492 501271 -> 232
493 270134 -> 278
494 439085 -> 341
495 167038 -> 383
496 561353 -> 1071
497 490188 -> 1090
498 561837 -> 1221
499 501269 -> 1363
500 560905 -> 1399
501 439083 -> 1415
502 509577 -> 1504
503 928787 -> 1526
504 500575 -> 1538
505 928043 -> 1648
506 270130 -> 1720
507 167031 -> 1821
508 441077 -> 1831
509 678543 -> 1861
510 929065 -> 2131
511 406738 -> 2482
512 149408 -> 1
513 149409 -> 1
514 149410 -> 1
515 149411 -> 1
516 149412 -> 1
517 149413 -> 1
518 149414 -> 1
519 299817 -> 1
520 149415 -> 1
521 156771 -> 1
522 156770 -> 1
523 156768 -> 1
524 156772 -> 1
525 156773 -> 1
526 227081 -> 1
527 1004 -> 1
528 328576 -> 1
529 328590 -> 1
530 221601 -> 1
531 328583 -> 1
532 227078 -> 1
533 328578 -> 1
534 328581 -> 1
535 227082 -> 1
536 328587 -> 1
537 227079 -> 1
538 328592 -> 1
539 328594 -> 1
540 201088 -> 2
541 201093 -> 2
542 324531 -> 2
543 324528 -> 2
544 1006 -> 2
545 978 -> 2
546 156769 -> 2
547 201106 -> 2
548 201104 -> 2
549 221603 -> 2
550 227073 -> 2
551 227080 -> 2
552 328591 -> 2
553 328584 -> 2
554 328582 -> 2
555 227077 -> 2
556 227076 -> 2
557 328580 -> 2
558 221609 -> 2
559 221604 -> 3
560 324536 -> 3
561 299820 -> 3
562 299821 -> 3
563 1002 -> 3
564 1009 -> 3
565 201092 -> 3
566 324532 -> 3
567 996 -> 4
568 1017 -> 4
569 1012 -> 4
570 299814 -> 4
571 207105 -> 4
572 201136 -> 4
573 324526 -> 4
574 58295 -> 4
575 324523 -> 4
576 328579 -> 4
577 227074 -> 4
578 328585 -> 4
579 227075 -> 4
580 328577 -> 4
581 328593 -> 4
582 328589 -> 4
583 207106 -> 5
584 221613 -> 5
585 201095 -> 5
586 201096 -> 5
587 149426 -> 5
588 299810 -> 5
589 324519 -> 5
590 1020 -> 5
591 1008 -> 5
592 328607 -> 5
593 324527 -> 6
594 221620 -> 6
595 221626 -> 6
596 1000 -> 6
597 299816 -> 6
598 149439 -> 6
599 207121 -> 6
600 201148 -> 6
601 201144 -> 6
602 201150 -> 6
603 201140 -> 6
604 156775 -> 6
605 156790 -> 6
606 207116 -> 6
607 156777 -> 6
608 149416 -> 6
609 1001 -> 7
610 999 -> 7
611 324530 -> 7
612 201090 -> 7
613 207118 -> 7
614 156782 -> 7
615 324525 -> 7
616 901 -> 7
617 998 -> 7
618 1003 -> 7
619 328588 -> 7
620 221602 -> 7
621 221628 -> 7
622 227103 -> 7
623 911 -> 7
624 299827 -> 7
625 324517 -> 7
626 221621 -> 8
627 227098 -> 8
628 227090 -> 8
629 1014 -> 8
630 906 -> 8
631 227100 -> 8
632 156788 -> 8
633 201143 -> 8
634 201149 -> 8
635 207107 -> 8
636 299839 -> 8
637 299825 -> 8
638 58296 -> 8
639 299808 -> 8
640 328606 -> 8
641 221611 -> 8
642 299812 -> 9
643 324535 -> 9
644 201146 -> 9
645 201138 -> 9
646 201137 -> 9
647 201147 -> 9
648 997 -> 9
649 1005 -> 9
650 324521 -> 10
651 299819 -> 10
652 324518 -> 10
653 908 -> 10
654 324529 -> 10
655 299818 -> 11
656 201129 -> 11
657 156791 -> 11
658 201145 -> 11
659 1023 -> 11
660 221610 -> 11
661 324515 -> 11
662 207123 -> 11
663 201139 -> 11
664 156781 -> 12
665 299828 -> 12
666 328586 -> 12
667 58297 -> 12
668 299834 -> 13
669 207125 -> 13
670 207113 -> 13
671 207109 -> 13
672 1022 -> 13
673 907 -> 13
674 207120 -> 13
675 207117 -> 13
676 299835 -> 13
677 1016 -> 14
678 1010 -> 14
679 221622 -> 14
680 324540 -> 14
681 207124 -> 14
682 149430 -> 14
683 299836 -> 14
684 201131 -> 14
685 201141 -> 14
686 156778 -> 14
687 201135 -> 14
688 227083 -> 14
689 328603 -> 14
690 221630 -> 15
691 1019 -> 15
692 984 -> 15
693 58278 -> 15
694 58279 -> 15
695 201116 -> 15
696 201142 -> 16
697 201102 -> 16
698 201123 -> 16
699 910 -> 16
700 221608 -> 16
701 156826 -> 16
702 988 -> 16
703 156821 -> 16
704 58293 -> 16
705 299826 -> 16
706 207132 -> 16
707 299838 -> 16
708 58286 -> 16
709 207108 -> 16
710 156796 -> 16
711 324539 -> 17
712 977 -> 17
713 1007 -> 17
714 227086 -> 17
715 156792 -> 17
716 201114 -> 17
717 58303 -> 17
718 221625 -> 17
719 981 -> 18
720 156779 -> 18
721 58301 -> 18
722 201130 -> 18
723 201119 -> 18
724 201133 -> 18
725 903 -> 19
726 156816 -> 19
727 324513 -> 19
728 207126 -> 19
729 207128 -> 19
730 201134 -> 20
731 328599 -> 20
732 201132 -> 20
733 201118 -> 20
734 156774 -> 20
735 58294 -> 20
736 1011 -> 20
737 221607 -> 21
738 227094 -> 21
739 207110 -> 21
740 58298 -> 21
741 201125 -> 21
742 201120 -> 21
743 201099 -> 21
744 324524 -> 21
745 58287 -> 21
746 1015 -> 21
747 896 -> 21
748 898 -> 21
749 207122 -> 22
750 299829 -> 22
751 299813 -> 22
752 934 -> 22
753 328602 -> 22
754 1018 -> 22
755 994 -> 22
756 156820 -> 22
757 299837 -> 23
758 201100 -> 23
759 201121 -> 23
760 324520 -> 24
761 299832 -> 24
762 324541 -> 24
763 324537 -> 24
764 922 -> 24
765 961 -> 24
766 947 -> 24
767 897 -> 24
768 207114 -> 25
769 207115 -> 25
770 904 -> 25
771 221624 -> 26
772 201115 -> 26
773 207131 -> 26
774 58274 -> 26
775 201091 -> 26
776 985 -> 27
777 156802 -> 27
778 299811 -> 27
779 324516 -> 27
780 201103 -> 27
781 918 -> 27
782 328597 -> 28
783 156793 -> 28
784 201117 -> 28
785 201124 -> 29
786 58275 -> 29
787 324534 -> 29
788 324522 -> 29
789 58290 -> 30
790 299824 -> 30
791 58285 -> 30
792 931 -> 30
793 1013 -> 30
794 938 -> 30
795 975 -> 31
796 972 -> 31
797 927 -> 31
798 964 -> 31
799 930 -> 31
800 207119 -> 31
801 324543 -> 31
802 58302 -> 31
803 156789 -> 31
804 227072 -> 31
805 969 -> 32
806 201089 -> 32
807 960 -> 32
808 974 -> 33
809 932 -> 33
810 993 -> 34
811 324542 -> 34
812 924 -> 34
813 957 -> 34
814 936 -> 34
815 935 -> 34
816 958 -> 34
817 967 -> 34
818 992 -> 35
819 979 -> 35
820 980 -> 35
821 1021 -> 36
822 221617 -> 36
823 156825 -> 36
824 58289 -> 36
825 58284 -> 36
826 149429 -> 36
827 899 -> 37
828 982 -> 37
829 946 -> 37
830 945 -> 37
831 227096 -> 37
832 58288 -> 38
833 221605 -> 38
834 989 -> 38
835 58292 -> 38
836 156806 -> 39
837 987 -> 39
838 976 -> 39
839 227084 -> 39
840 156803 -> 39
841 920 -> 39
842 983 -> 40
843 207104 -> 40
844 991 -> 40
845 965 -> 40
846 221623 -> 40
847 940 -> 41
848 299831 -> 41
849 990 -> 41
850 58280 -> 41
851 58291 -> 41
852 956 -> 42
853 299833 -> 42
854 156808 -> 42
855 955 -> 42
856 156827 -> 43
857 328601 -> 43
858 58300 -> 43
859 986 -> 43
860 954 -> 44
861 227102 -> 44
862 995 -> 44
863 949 -> 44
864 943 -> 44
865 905 -> 44
866 953 -> 44
867 913 -> 44
868 912 -> 44
869 929 -> 44
870 968 -> 45
871 201108 -> 45
872 939 -> 45
873 973 -> 45
874 328600 -> 46
875 923 -> 46
876 933 -> 47
877 902 -> 47
878 201112 -> 48
879 959 -> 48
880 328598 -> 49
881 299815 -> 49
882 926 -> 49
883 950 -> 49
884 221629 -> 49
885 916 -> 50
886 156784 -> 50
887 917 -> 50
888 966 -> 51
889 156828 -> 51
890 915 -> 51
891 58273 -> 51
892 324514 -> 52
893 942 -> 52
894 900 -> 52
895 941 -> 52
896 201126 -> 52
897 944 -> 53
898 328605 -> 53
899 952 -> 53
900 207129 -> 53
901 328604 -> 54
902 971 -> 55
903 201110 -> 55
904 227088 -> 56
905 156824 -> 56
906 970 -> 56
907 951 -> 57
908 58282 -> 58
909 962 -> 58
910 207133 -> 59
911 324512 -> 59
912 937 -> 59
913 948 -> 59
915 156783 -> 60
916 299830 -> 61
917 921 -> 61
918 221616 -> 61
919 227087 -> 61
920 963 -> 62
921 149437 -> 63
922 201122 -> 64
923 227095 -> 64
924 324538 -> 64
926 149432 -> 66
927 201113 -> 66
928 156818 -> 66
929 919 -> 67
930 207112 -> 68
931 928 -> 68
932 156800 -> 68
933 909 -> 69
934 156785 -> 69
935 227101 -> 70
936 58272 -> 70
937 156804 -> 70
938 207111 -> 71
939 156823 -> 73
940 149428 -> 73
941 221600 -> 74
942 149433 -> 79
943 149435 -> 79
944 58283 -> 80
945 58276 -> 80
946 201151 -> 80
947 58299 -> 82
948 156831 -> 85
949 149438 -> 86
950 207135 -> 87
951 156801 -> 88
952 149431 -> 91
953 201109 -> 91
954 156805 -> 94
955 221612 -> 96
956 156814 -> 99
957 299809 -> 99
958 201101 -> 101
959 156829 -> 105
960 149417 -> 105
961 149427 -> 107
962 207130 -> 109
963 201105 -> 110
964 201111 -> 111
965 156780 -> 112
966 328596 -> 113
967 201127 -> 113
968 149420 -> 115
969 227097 -> 116
970 156799 -> 116
971 156812 -> 121
972 227092 -> 124
973 156810 -> 125
974 227099 -> 127
975 156830 -> 129
976 156817 -> 132
977 221631 -> 138
978 227093 -> 140
979 156822 -> 144
980 299822 -> 145
981 221618 -> 145
982 227089 -> 147
983 156776 -> 154
984 156786 -> 157
985 156815 -> 158
986 149424 -> 169
987 156794 -> 172
988 149421 -> 176
989 149436 -> 177
990 156795 -> 182
991 201094 -> 182
992 149425 -> 199
993 156797 -> 215
994 149423 -> 215
995 149422 -> 219
996 156807 -> 224
997 156813 -> 238
998 58281 -> 242
999 149434 -> 255
1000 221627 -> 268
1001 156811 -> 269
1002 156819 -> 271
1003 227091 -> 272
1004 201107 -> 298
1005 156798 -> 316
1006 221615 -> 335
1007 207134 -> 350
1008 221606 -> 370
1009 149418 -> 389
1010 201097 -> 420
1011 221619 -> 509
1012 227085 -> 1005
1013 201098 -> 1008
1014 58277 -> 1036
1015 324533 -> 1126
1016 207127 -> 1189
1017 201128 -> 1318
1018 328595 -> 1334
1019 221614 -> 1704
1020 299823 -> 1943
1021 156809 -> 1977
1022 156787 -> 2236
1023 149419 -> 3714
58272 544 -> 5
58273 545 -> 1
58274 546 -> 1
58275 547 -> 1
58276 548 -> 1
58277 549 -> 1
58278 550 -> 1
58279 551 -> 3
58280 552 -> 1
58281 553 -> 3
58282 554 -> 4
58283 555 -> 5
58284 556 -> 6
58285 557 -> 1
58286 558 -> 2
58287 559 -> 1
58288 560 -> 1
58289 561 -> 1
58290 562 -> 1
58291 563 -> 3
58292 564 -> 5
58293 565 -> 4
58294 566 -> 1
58295 567 -> 6
58296 568 -> 7
58297 569 -> 7
58298 570 -> 2
58299 571 -> 2
58300 572 -> 3
58301 573 -> 1
58302 574 -> 11
58303 575 -> 9
149408 608 -> 1
149409 609 -> 3
149410 610 -> 1
149411 611 -> 3
149412 612 -> 2
149413 613 -> 3
149414 614 -> 2
149415 615 -> 5
149416 616 -> 3
149417 617 -> 4
149418 618 -> 3
149419 619 -> 1
149420 620 -> 8
149421 621 -> 4
149422 622 -> 1
149423 623 -> 3
149424 624 -> 5
149425 625 -> 3
149426 626 -> 2
149427 627 -> 8
149428 628 -> 8
149429 629 -> 1
149430 630 -> 2
149431 631 -> 8
149432 632 -> 4
149433 633 -> 2
149434 634 -> 1
149435 635 -> 2
149436 636 -> 4
149437 637 -> 2
149438 638 -> 2
149439 639 -> 3
156768 736 -> 1
156769 737 -> 22
156770 738 -> 2
156771 739 -> 21
156772 740 -> 3
156773 741 -> 2
156774 742 -> 2
156775 743 -> 2
156776 744 -> 2
156777 745 -> 2
156778 746 -> 1
156779 747 -> 4
156780 748 -> 8
156781 749 -> 1
156782 750 -> 2
156783 751 -> 1
156784 752 -> 1
156785 753 -> 1
156786 754 -> 1
156787 755 -> 1
156788 756 -> 1
156789 757 -> 1
156790 758 -> 1
156791 759 -> 1
156792 760 -> 2
156793 761 -> 2
156794 762 -> 1
156795 763 -> 7
156796 764 -> 12
156797 765 -> 1
156798 766 -> 12
156799 767 -> 1
156800 768 -> 6
156801 769 -> 2
156802 770 -> 2
156803 771 -> 4
156804 772 -> 1
156805 773 -> 4
156806 774 -> 5
156807 775 -> 4
156808 776 -> 9
156809 777 -> 3
156810 778 -> 2
156811 779 -> 5
156812 780 -> 1
156813 781 -> 1
156814 782 -> 1
156815 783 -> 2
156816 784 -> 4
156817 785 -> 3
156818 786 -> 1
156819 787 -> 1
156820 788 -> 1
156821 789 -> 1
156822 790 -> 1
156823 791 -> 1
156824 792 -> 5
156825 793 -> 2
156826 794 -> 1
156827 795 -> 2
156828 796 -> 2
156829 797 -> 2
156830 798 -> 2
156831 799 -> 2
167008 160 -> 1
167009 161 -> 1
167010 162 -> 1
167011 163 -> 1
167012 164 -> 1
167013 165 -> 1
167014 166 -> 1
167015 167 -> 1
167016 168 -> 1
167017 169 -> 1
167018 170 -> 1
167019 171 -> 1
167020 172 -> 1
167021 173 -> 1
167022 174 -> 1
167023 175 -> 1
167024 176 -> 1
167025 177 -> 1
167026 178 -> 1
167027 179 -> 1
167028 180 -> 1
167029 181 -> 1
167030 182 -> 1
167031 183 -> 1
167032 184 -> 1
167033 185 -> 1
167034 186 -> 1
167035 187 -> 1
167036 188 -> 1
167037 189 -> 1
167038 190 -> 1
167039 191 -> 1
201088 640 -> 2
201089 641 -> 1
201090 642 -> 6
201091 643 -> 6
201092 644 -> 2
201093 645 -> 3
201094 646 -> 2
201095 647 -> 3
201096 648 -> 4
201097 649 -> 4
201098 650 -> 6
201099 651 -> 1
201100 652 -> 2
201101 653 -> 2
201102 654 -> 2
201103 655 -> 3
201104 656 -> 3
201105 657 -> 1
201106 658 -> 2
201107 659 -> 3
201108 660 -> 3
201109 661 -> 1
201110 662 -> 3
201111 663 -> 6
201112 664 -> 2
201113 665 -> 7
201114 666 -> 7
201115 667 -> 8
201116 668 -> 3
201117 669 -> 5
201118 670 -> 3
201119 671 -> 2
201120 672 -> 3
201121 673 -> 4
201122 674 -> 5
201123 675 -> 1
201124 676 -> 11
201125 677 -> 1
201126 678 -> 2
201127 679 -> 1
201128 680 -> 3
201129 681 -> 5
201130 682 -> 1
201131 683 -> 5
201132 684 -> 8
201133 685 -> 4
201134 686 -> 4
201135 687 -> 1
201136 688 -> 7
201137 689 -> 14
201138 690 -> 1
201139 691 -> 2
201140 692 -> 3
201141 693 -> 1
201142 694 -> 5
201143 695 -> 2
201144 696 -> 3
201145 697 -> 2
201146 698 -> 2
201147 699 -> 2
201148 700 -> 1
201149 701 -> 2
201150 702 -> 2
201151 703 -> 3
207104 704 -> 3
207105 705 -> 4
207106 706 -> 3
207107 707 -> 3
207108 708 -> 1
207109 709 -> 1
207110 710 -> 2
207111 711 -> 2
207112 712 -> 6
207113 713 -> 2
207114 714 -> 2
207115 715 -> 2
207116 716 -> 1
207117 717 -> 3
207118 718 -> 2
207119 719 -> 3
207120 720 -> 2
207121 721 -> 3
207122 722 -> 1
207123 723 -> 2
207124 724 -> 2
207125 725 -> 3
207126 726 -> 3
207127 727 -> 6
207128 728 -> 1
207129 729 -> 1
207130 730 -> 1
207131 731 -> 1
207132 732 -> 5
207133 733 -> 1
207134 734 -> 1
207135 735 -> 1
221600 800 -> 4
221601 801 -> 1
221602 802 -> 1
221603 803 -> 3
221604 804 -> 4
221605 805 -> 2
221606 806 -> 1
221607 807 -> 1
221608 808 -> 2
221609 809 -> 2
221610 810 -> 2
221611 811 -> 17
221612 812 -> 1
221613 813 -> 2
221614 814 -> 2
221615 815 -> 2
221616 816 -> 2
221617 817 -> 2
221618 818 -> 2
221619 819 -> 3
221620 820 -> 2
221621 821 -> 2
221622 822 -> 2
221623 823 -> 1
221624 824 -> 7
221625 825 -> 4
221626 826 -> 6
221627 827 -> 6
221628 828 -> 2
221629 829 -> 2
221630 830 -> 2
221631 831 -> 3
227072 832 -> 16
227073 833 -> 11
227074 834 -> 7
227075 835 -> 10
227076 836 -> 11
227077 837 -> 10
227078 838 -> 4
227079 839 -> 17
227080 840 -> 14
227081 841 -> 7
227082 842 -> 15
227083 843 -> 2
227084 844 -> 13
227085 845 -> 11
227086 846 -> 2
227087 847 -> 6
227088 848 -> 7
227089 849 -> 13
227090 850 -> 13
227091 851 -> 15
227092 852 -> 15
227093 853 -> 17
227094 854 -> 17
227095 855 -> 16
227096 856 -> 14
227097 857 -> 20
227098 858 -> 16
227099 859 -> 12
227100 860 -> 21
227101 861 -> 13
227102 862 -> 18
227103 863 -> 14
270112 32 -> 1
270113 33 -> 1
270114 34 -> 1
270115 35 -> 1
270116 36 -> 1
270117 37 -> 2
270118 38 -> 2
270119 39 -> 1
270120 40 -> 1
270121 41 -> 1
270122 42 -> 3
270123 43 -> 1
270124 44 -> 1
270125 45 -> 1
270126 46 -> 1
270127 47 -> 1
270128 48 -> 1
270129 49 -> 1
270130 50 -> 1
270131 51 -> 1
270132 52 -> 1
270133 53 -> 1
270134 54 -> 1
270135 55 -> 1
270136 56 -> 1
270137 57 -> 1
270138 58 -> 3
270139 59 -> 2
270140 60 -> 1
270141 61 -> 1
270142 62 -> 1
270143 63 -> 1
299808 576 -> 5
299809 577 -> 5
299810 578 -> 1
299811 579 -> 5
299812 580 -> 5
299813 581 -> 2
299814 582 -> 3
299815 583 -> 5
299816 584 -> 1
299817 585 -> 4
299818 586 -> 3
299819 587 -> 3
299820 588 -> 4
299821 589 -> 1
299822 590 -> 4
299823 591 -> 4
299824 592 -> 2
299825 593 -> 8
299826 594 -> 7
299827 595 -> 3
299828 596 -> 5
299829 597 -> 1
299830 598 -> 4
299831 599 -> 1
299832 600 -> 3
299833 601 -> 3
299834 602 -> 1
299835 603 -> 2
299836 604 -> 3
299837 605 -> 2
299838 606 -> 1
299839 607 -> 1
324512 512 -> 1
324513 513 -> 1
324514 514 -> 1
324515 515 -> 1
324516 516 -> 1
324517 517 -> 1
324518 518 -> 4
324519 519 -> 4
324520 520 -> 1
324521 521 -> 1
324522 522 -> 1
324523 523 -> 1
324524 524 -> 4
324525 525 -> 1
324526 526 -> 11
324527 527 -> 1
324528 528 -> 1
324529 529 -> 1
324530 530 -> 1
324531 531 -> 1
324532 532 -> 1
324533 533 -> 1
324534 534 -> 4
324535 535 -> 1
324536 536 -> 1
324537 537 -> 3
324538 538 -> 1
324539 539 -> 1
324540 540 -> 1
324541 541 -> 1
324542 542 -> 1
324543 543 -> 1
328576 864 -> 23
328577 865 -> 2
328578 866 -> 24
328579 867 -> 20
328580 868 -> 16
328581 869 -> 18
328582 870 -> 20
328583 871 -> 21
328584 872 -> 17
328585 873 -> 26
328586 874 -> 31
328587 875 -> 35
328588 876 -> 11
328589 877 -> 19
328590 878 -> 8
328591 879 -> 29
328592 880 -> 38
328593 881 -> 24
328594 882 -> 39
328595 883 -> 18
328596 884 -> 15
328597 885 -> 39
328598 886 -> 12
328599 887 -> 14
328600 888 -> 8
328601 889 -> 35
328602 890 -> 37
328603 891 -> 26
328604 892 -> 28
328605 893 -> 34
328606 894 -> 30
328607 895 -> 36
406720 416 -> 1
406721 417 -> 1
406722 418 -> 1
406723 419 -> 1
406724 420 -> 1
406725 421 -> 1
406726 422 -> 1
406727 423 -> 1
406728 424 -> 1
406729 425 -> 1
406730 426 -> 1
406731 427 -> 1
406732 428 -> 1
406733 429 -> 1
406734 430 -> 1
406735 431 -> 1
406736 432 -> 1
406737 433 -> 1
406738 434 -> 1
406739 435 -> 1
406740 436 -> 1
406741 437 -> 1
406742 438 -> 1
406743 439 -> 1
406744 440 -> 1
406745 441 -> 1
406746 442 -> 1
406747 443 -> 1
406748 444 -> 1
406749 445 -> 2
406750 446 -> 1
406751 447 -> 1
439072 480 -> 1
439073 481 -> 1
439074 482 -> 1
439075 483 -> 1
439076 484 -> 1
439077 485 -> 2
439078 486 -> 1
439079 487 -> 1
439080 488 -> 1
439081 489 -> 1
439082 490 -> 1
439083 491 -> 1
439084 492 -> 1
439085 493 -> 1
439086 494 -> 1
439087 495 -> 1
439088 496 -> 1
439089 497 -> 7
439090 498 -> 1
439091 499 -> 1
439092 500 -> 1
439093 501 -> 1
439094 502 -> 1
439095 503 -> 1
439096 504 -> 1
439097 505 -> 1
439098 506 -> 1
439099 507 -> 1
439100 508 -> 1
439101 509 -> 1
439102 510 -> 1
439103 511 -> 1
441056 448 -> 1
441057 449 -> 1
441058 450 -> 1
441059 451 -> 1
441060 452 -> 1
441061 453 -> 1
441062 454 -> 1
441063 455 -> 1
441064 456 -> 1
441065 457 -> 1
441066 458 -> 1
441067 459 -> 1
441068 460 -> 1
441069 461 -> 1
441070 462 -> 1
441071 463 -> 1
441072 464 -> 1
441073 465 -> 1
441074 466 -> 5
441075 467 -> 1
441076 468 -> 1
441077 469 -> 4
441078 470 -> 5
441079 471 -> 5
441080 472 -> 1
441081 473 -> 1
441082 474 -> 1
441083 475 -> 2
441084 476 -> 5
441085 477 -> 2
441086 478 -> 5
441087 479 -> 2
490176 0 -> 0
490177 1 -> 1
490178 2 -> 1
490179 3 -> 1
490180 4 -> 1
490181 5 -> 1
490182 6 -> 1
490183 7 -> 1
490184 8 -> 1
490185 9 -> 1
490186 10 -> 1
490187 11 -> 1
490188 12 -> 1
490189 13 -> 1
490190 14 -> 1
490191 15 -> 1
490192 16 -> 1
490193 17 -> 1
490194 18 -> 1
490195 19 -> 1
490196 20 -> 1
490197 21 -> 1
490198 22 -> 1
490199 23 -> 1
490200 24 -> 1
490201 25 -> 1
490202 26 -> 1
490203 27 -> 1
490204 28 -> 1
490205 29 -> 1
490206 30 -> 1
490207 31 -> 1
500544 320 -> 1
500545 321 -> 1
500546 322 -> 1
500547 323 -> 3
500548 324 -> 1
500549 325 -> 1
500550 326 -> 1
500551 327 -> 1
500552 328 -> 1
500553 329 -> 1
500554 330 -> 1
500555 331 -> 1
500556 332 -> 1
500557 333 -> 1
500558 334 -> 1
500559 335 -> 1
500560 336 -> 1
500561 337 -> 1
500562 338 -> 1
500563 339 -> 1
500564 340 -> 1
500565 341 -> 1
500566 342 -> 1
500567 343 -> 1
500568 344 -> 1
500569 345 -> 1
500570 346 -> 1
500571 347 -> 1
500572 348 -> 1
500573 349 -> 1
500574 350 -> 1
500575 351 -> 1
501248 224 -> 1
501249 225 -> 1
501250 226 -> 1
501251 227 -> 1
501252 228 -> 1
501253 229 -> 1
501254 230 -> 1
501255 231 -> 1
501256 232 -> 1
501257 233 -> 1
501258 234 -> 1
501259 235 -> 1
501260 236 -> 1
501261 237 -> 1
501262 238 -> 1
501263 239 -> 1
501264 240 -> 1
501265 241 -> 1
501266 242 -> 1
501267 243 -> 1
501268 244 -> 1
501269 245 -> 1
501270 246 -> 1
501271 247 -> 1
501272 248 -> 1
501273 249 -> 1
501274 250 -> 2
501275 251 -> 1
501276 252 -> 1
501277 253 -> 1
501278 254 -> 1
501279 255 -> 1
509568 384 -> 1
509569 385 -> 1
509570 386 -> 1
509571 387 -> 6
509572 388 -> 1
509573 389 -> 1
509574 390 -> 1
509575 391 -> 1
509576 392 -> 1
509577 393 -> 1
509578 394 -> 1
509579 395 -> 8
509580 396 -> 8
509581 397 -> 5
509582 398 -> 5
509583 399 -> 6
509584 400 -> 1
509585 401 -> 6
509586 402 -> 5
509587 403 -> 7
509588 404 -> 1
509589 405 -> 1
509590 406 -> 1
509591 407 -> 1
509592 408 -> 1
509593 409 -> 1
509594 410 -> 1
509595 411 -> 1
509596 412 -> 1
509597 413 -> 1
509598 414 -> 1
509599 415 -> 1
560896 288 -> 1
560897 289 -> 1
560898 290 -> 1
560899 291 -> 1
560900 292 -> 1
560901 293 -> 1
560902 294 -> 1
560903 295 -> 1
560904 296 -> 1
560905 297 -> 1
560906 298 -> 3
560907 299 -> 1
560908 300 -> 1
560909 301 -> 1
560910 302 -> 1
560911 303 -> 1
560912 304 -> 1
560913 305 -> 1
560914 306 -> 1
560915 307 -> 1
560916 308 -> 1
560917 309 -> 1
560918 310 -> 1
560919 311 -> 1
560920 312 -> 1
560921 313 -> 1
560922 314 -> 1
560923 315 -> 1
560924 316 -> 1
560925 317 -> 1
560926 318 -> 1
560927 319 -> 1
561344 192 -> 1
561345 193 -> 1
561346 194 -> 1
561347 195 -> 1
561348 196 -> 1
561349 197 -> 1
561350 198 -> 1
561351 199 -> 1
561352 200 -> 1
561353 201 -> 1
561354 202 -> 1
561355 203 -> 1
561356 204 -> 1
561357 205 -> 1
561358 206 -> 1
561359 207 -> 1
561360 208 -> 1
561361 209 -> 1
561362 210 -> 1
561363 211 -> 1
561364 212 -> 1
561365 213 -> 1
561366 214 -> 1
561367 215 -> 1
561368 216 -> 1
561369 217 -> 1
561370 218 -> 1
561371 219 -> 1
561372 220 -> 1
561373 221 -> 1
561374 222 -> 1
561375 223 -> 1
561824 256 -> 1
561825 257 -> 1
561826 258 -> 1
561827 259 -> 1
561828 260 -> 1
561829 261 -> 1
561830 262 -> 1
561831 263 -> 1
561832 264 -> 1
561833 265 -> 1
561834 266 -> 1
561835 267 -> 1
561836 268 -> 1
561837 269 -> 1
561838 270 -> 1
561839 271 -> 1
561840 272 -> 1
561841 273 -> 1
561842 274 -> 1
561843 275 -> 1
561844 276 -> 1
561845 277 -> 1
561846 278 -> 1
561847 279 -> 1
561848 280 -> 1
561849 281 -> 1
561850 282 -> 1
561851 283 -> 1
561852 284 -> 1
561853 285 -> 1
561854 286 -> 1
561855 287 -> 1
678528 352 -> 1
678529 353 -> 1
678530 354 -> 1
678531 355 -> 1
678532 356 -> 3
678533 357 -> 3
678534 358 -> 1
678535 359 -> 1
678536 360 -> 1
678537 361 -> 2
678538 362 -> 6
678539 363 -> 5
678540 364 -> 4
678541 365 -> 3
678542 366 -> 1
678543 367 -> 1
678544 368 -> 1
678545 369 -> 1
678546 370 -> 1
678547 371 -> 1
678548 372 -> 1
678549 373 -> 1
678550 374 -> 1
678551 375 -> 1
678552 376 -> 1
678553 377 -> 1
678554 378 -> 1
678555 379 -> 1
678556 380 -> 1
678557 381 -> 1
678558 382 -> 1
678559 383 -> 1
928032 64 -> 1
928033 65 -> 1
928034 66 -> 1
928035 67 -> 1
928036 68 -> 1
928037 69 -> 1
928038 70 -> 1
928039 71 -> 1
928040 72 -> 1
928041 73 -> 1
928042 74 -> 1
928043 75 -> 1
928044 76 -> 1
928045 77 -> 1
928046 78 -> 1
928047 79 -> 1
928048 80 -> 1
928049 81 -> 1
928050 82 -> 1
928051 83 -> 1
928052 84 -> 1
928053 85 -> 1
928054 86 -> 1
928055 87 -> 1
928056 88 -> 1
928057 89 -> 1
928058 90 -> 1
928059 91 -> 1
928060 92 -> 1
928061 93 -> 1
928062 94 -> 1
928063 95 -> 1
928768 96 -> 1
928769 97 -> 1
928770 98 -> 1
928771 99 -> 1
928772 100 -> 1
928773 101 -> 1
928774 102 -> 1
928775 103 -> 1
928776 104 -> 1
928777 105 -> 1
928778 106 -> 1
928779 107 -> 1
928780 108 -> 1
928781 109 -> 1
928782 110 -> 1
928783 111 -> 1
928784 112 -> 1
928785 113 -> 1
928786 114 -> 1
928787 115 -> 1
928788 116 -> 1
928789 117 -> 1
928790 118 -> 1
928791 119 -> 1
928792 120 -> 1
928793 121 -> 1
928794 122 -> 1
928795 123 -> 1
928796 124 -> 1
928797 125 -> 1
928798 126 -> 1
928799 127 -> 1
929056 128 -> 1
929057 129 -> 1
929058 130 -> 1
929059 131 -> 1
929060 132 -> 1
929061 133 -> 1
929062 134 -> 1
929063 135 -> 1
929064 136 -> 1
929065 137 -> 1
929066 138 -> 1
929067 139 -> 1
929068 140 -> 1
929069 141 -> 1
929070 142 -> 1
929071 143 -> 1
929072 144 -> 1
929073 145 -> 1
929074 146 -> 1
929075 147 -> 1
929076 148 -> 1
929077 149 -> 1
929078 150 -> 1
929079 151 -> 1
929080 152 -> 1
929081 153 -> 1
929082 154 -> 1
929083 155 -> 1
929084 156 -> 1
929085 157 -> 1
929086 158 -> 1
929087 159 -> 1


	iterations = 12.
	runtime [opt] = 9.989280 ms.
